0.047416
0.482327
0.225011
0.147665
0.108689
0.0850032
0.0690666
0.0576256
0.0490322
0.0423586
0.0370405
0.0327148
0.0291368
0.0261359
0.0235889
0.0214052
0.0195163
0.0178698
0.0164247
0.0151486
0.0140155
0.0130043
0.0120979
0.011282
0.0105448
0.00987642
0.00926844
0.00871375
0.00820628
0.00774082
0.00731285
0.00691846
0.00655425
0.00621724
0.00590482
0.00561468
0.00534479
0.00509334
0.00485873
0.00463952
0.00443442
0.00424228
0.00406208
0.00389286
0.00373379
0.0035841
0.00344309
0.00331013
0.00318464
0.0030661
0.00295401
0.00284793
0.00274746
0.00265223
0.00256187
0.00247609
0.00239457
0.00231705
0.00224327
0.00217301
0.00210603
0.00204215
0.00198117
0.00192292
0.00186723
0.00181395
0.00176294
0.00171408
0.00166723
0.00162228
0.00157912
0.00153766
0.00149779
0.00145944
0.00142252
0.00138695
0.00135267
0.00131959
0.00128767
0.00125684
0.00122704
0.00119823
0.00117036
0.00114338
0.00111724
0.00109192
0.00106736
0.00104354
0.00102042
0.000997973
0.000976165
0.00095497
0.000934363
0.000914319
0.000894816
0.00087583
0.000857342
0.000839332
0.000821783
0.000804677
0.000787997
0.000771728
0.000755856
0.000740367
0.000725247
0.000710485
0.000696067
0.000681985
0.000668225
0.000654779
0.000641637
0.000628789
0.000616227
0.000603942
0.000591926
0.000580172
0.000568673
0.000557421
0.000546409
0.000535631
0.000525082
0.000514754
0.000504643
0.000494743
0.000485048
0.000475553
0.000466255
0.000457146
0.000448225
0.000439484
0.000430922
0.000422533
0.000414313
0.000406259
0.000398366
0.000390632
0.000383052
0.000375624
0.000368343
0.000361207
0.000354212
0.000347356
0.000340636
0.000334048
0.00032759
0.000321259
0.000315052
0.000308967
0.000303001
0.000297153
0.000291418
0.000285796
0.000280283
0.000274878
0.000269578
0.000264382
0.000259286
0.00025429
0.000249391
0.000244586
0.000239875
0.000235256
0.000230726
0.000226284
0.000221927
0.000217655
0.000213466
0.000209358
0.000205329
0.000201378
0.000197504
0.000193704
0.000189977
0.000186323
0.000182739
0.000179224
0.000175777
0.000172397
0.000169081
0.00016583
0.000162641
0.000159514
0.000156447
0.000153439
0.000150489
0.000147596
0.000144758
0.000141975
0.000139246
0.000136569
0.000133944
0.00013137
0.000128844
0.000126368
0.000123939
0.000121557
0.00011922
0.000116929
0.000114682
0.000112478
0.000110316
0.000108196
0.000106116
0.000104077
0.000102077
0.000100115
9.8191e-05
9.6304e-05
9.44533e-05
9.26382e-05
9.08579e-05
8.91119e-05
8.73995e-05
8.57199e-05
8.40727e-05
8.24571e-05
8.08726e-05
7.93185e-05
7.77943e-05
7.62994e-05
7.48332e-05
7.33952e-05
7.19849e-05
7.06016e-05
6.92449e-05
6.79143e-05
6.66093e-05
6.53294e-05
6.4074e-05
6.28428e-05
6.16353e-05
6.04509e-05
5.92893e-05
5.81501e-05
5.70327e-05
5.59368e-05
5.4862e-05
5.38078e-05
5.27739e-05
5.17598e-05
5.07652e-05
4.97898e-05
4.8833e-05
4.78947e-05
4.69744e-05
4.60718e-05
4.51865e-05
4.43183e-05
4.34667e-05
4.26315e-05
4.18123e-05
4.10089e-05
4.02209e-05
3.94481e-05
3.86901e-05
3.79467e-05
3.72175e-05
3.65024e-05
3.5801e-05
3.51131e-05
3.44384e-05
3.37767e-05
3.31277e-05
3.24911e-05
3.18668e-05
3.12545e-05
3.06539e-05
3.00649e-05
2.94872e-05
2.89206e-05
2.83649e-05
2.78199e-05
2.72854e-05
2.67611e-05
2.62469e-05
2.57425e-05
2.52479e-05
2.47628e-05
2.4287e-05
2.38203e-05
2.33626e-05
2.29137e-05
2.24734e-05
2.20416e-05
2.16181e-05
2.12027e-05
2.07953e-05
2.03957e-05
2.00038e-05
1.96194e-05
1.92425e-05
1.88727e-05
1.85101e-05
1.81544e-05
1.78056e-05
1.74634e-05
1.71279e-05
1.67988e-05
1.6476e-05
1.61594e-05
1.58489e-05
1.55444e-05
1.52457e-05
1.49528e-05
1.46655e-05
1.43837e-05
1.41073e-05
1.38362e-05
1.35704e-05
1.33096e-05
1.30539e-05
1.2803e-05
1.2557e-05
1.23158e-05
1.20791e-05
1.1847e-05
1.16194e-05
1.13961e-05
1.11771e-05
1.09624e-05
1.07517e-05
1.05451e-05
1.03425e-05
1.01438e-05
9.94888e-06
