0.612372
0.335576
0.24018
0.189771
0.15806
0.136063
0.119815
0.107275
0.0972778
0.0891066
0.0822943
0.0765229
0.0715675
0.0672645
0.0634918
0.0601563
0.0571857
0.0545227
0.0521218
0.049946
0.0479648
0.0461531
0.04449
0.0429578
0.0415416
0.0402285
0.0390077
0.0378696
0.0368059
0.0358096
0.0348742
0.0339944
0.0331651
0.0323821
0.0316415
0.0309397
0.0302738
0.029641
0.0290387
0.0284647
0.0279169
0.0273935
0.0268928
0.0264132
0.0259533
0.0255118
0.0250876
0.0246794
0.0242864
0.0239076
0.0235421
0.0231892
0.022848
0.022518
0.0221984
0.0218886
0.0215882
0.0212966
0.0210134
0.020738
0.0204701
0.0202093
0.0199551
0.0197074
0.0194657
0.0192297
0.0189992
0.018774
0.0185536
0.0183381
0.018127
0.0179203
0.0177176
0.017519
0.0173241
0.0171328
0.0169449
0.0167604
0.0165791
0.0164009
0.0162257
0.0160532
0.0158835
0.0157165
0.015552
0.01539
0.0152304
0.0150731
0.014918
0.014765
0.0146142
0.0144654
0.0143186
0.0141738
0.0140308
0.0138896
0.0137502
0.0136125
0.0134765
0.0133422
0.0132095
0.0130783
0.0129487
0.0128206
0.012694
0.0125688
0.012445
0.0123226
0.0122016
0.0120819
0.0119636
0.0118465
0.0117307
0.0116161
0.0115028
0.0113906
0.0112797
0.0111699
0.0110612
0.0109537
0.0108473
0.010742
0.0106378
0.0105346
0.0104325
0.0103315
0.0102315
0.0101324
0.0100344
0.00993739
0.00984134
0.00974624
0.00965209
0.00955888
0.0094666
0.00937523
0.00928477
0.0091952
0.00910652
0.00901871
0.00893177
0.00884568
0.00876044
0.00867603
0.00859245
0.00850969
0.00842774
0.00834658
0.00826622
0.00818664
0.00810784
0.00802981
0.00795253
0.007876
0.00780022
0.00772518
0.00765086
0.00757726
0.00750438
0.0074322
0.00736072
0.00728993
0.00721983
0.0071504
0.00708165
0.00701356
0.00694612
0.00687934
0.00681321
0.00674771
0.00668284
0.0066186
0.00655498
0.00649197
0.00642957
0.00636777
0.00630657
0.00624596
0.00618593
0.00612648
0.0060676
0.00600929
0.00595154
0.00589434
0.0058377
0.0057816
0.00572604
0.00567101
0.00561652
0.00556255
0.0055091
0.00545616
0.00540373
0.00535181
0.00530039
0.00524946
0.00519902
0.00514906
0.00509959
0.00505059
0.00500206
0.004954
0.0049064
0.00485926
0.00481257
0.00476633
0.00472053
0.00467518
0.00463026
0.00458577
0.00454171
0.00449808
0.00445486
0.00441206
0.00436967
0.00432769
0.00428611
0.00424493
0.00420414
0.00416375
0.00412375
0.00408413
0.00404489
0.00400603
0.00396754
0.00392942
0.00389167
0.00385428
0.00381725
0.00378057
0.00374425
0.00370828
0.00367265
0.00363737
0.00360242
0.00356781
0.00353353
0.00349958
0.00346596
0.00343266
0.00339968
0.00336702
0.00333467
0.00330264
0.00327091
0.00323948
0.00320836
0.00317753
0.00314701
0.00311677
0.00308683
0.00305717
0.0030278
0.00299871
0.0029699
0.00294137
0.00291311
0.00288512
0.0028574
0.00282995
0.00280276
0.00277583
0.00274917
0.00272275
0.00269659
0.00267069
0.00264503
0.00261962
0.00259445
0.00256952
0.00254484
0.00252039
0.00249617
0.00247219
0.00244844
0.00242492
0.00240162
0.00237855
0.0023557
0.00233306
0.00231065
0.00228845
0.00226646
0.00224469
0.00222312
0.00220177
0.00218061
0.00215966
0.00213891
0.00211836
0.00209801
0.00207786
0.00205789
0.00203812
0.00201854
0.00199915
0.00197994
0.00196092
0.00194208
0.00192342
0.00190494
0.00188664
0.00186852
0.00185056
0.00183279
0.00181518
0.00179774
0.00178047
0.00176336
0.00174642
0.00172964
0.00171302
0.00169657
0.00168027
0.00166412
0.00164814
0.0016323
0.00161662
0.00160109
0.00158571
0.00157047
0.00155538
0.00154044
0.00152564
0.00151098
0.00149647
0.00148209
0.00146785
0.00145375
0.00143978
0.00142595
0.00141225
0.00139868
0.00138524
0.00137194
0.00135876
0.0013457
0.00133277
0.00131997
0.00130729
0.00129473
0.00128229
0.00126997
0.00125777
0.00124568
0.00123372
0.00122186
0.00121012
0.0011985
0.00118698
0.00117558
0.00116429
0.0011531
0.00114202
0.00113105
0.00112018
0.00110942
0.00109876
0.00108821
0.00107775
0.0010674
0.00105714
0.00104699
0.00103693
0.00102697
0.0010171
0.00100733
0.00099765
0.000988065
0.000978572
0.000969171
0.00095986
0.000950638
0.000941505
0.000932459
0.000923501
0.000914629
0.000905841
0.000897139
0.00088852
0.000879983
0.000871529
0.000863156
0.000854863
0.00084665
0.000838516
0.00083046
0.000822482
0.00081458
0.000806754
0.000799003
0.000791327
0.000783724
0.000776195
0.000768737
0.000761352
0.000754037
0.000746793
0.000739618
0.000732513
0.000725475
0.000718505
0.000711602
0.000704766
0.000697995
0.000691289
0.000684647
0.00067807
0.000671555
0.000665103
0.000658713
0.000652385
0.000646117
0.00063991
0.000633762
0.000627673
0.000621643
0.000615671
0.000609756
0.000603897
0.000598096
0.000592349
0.000586659
0.000581022
0.00057544
0.000569912
0.000564436
0.000559014
0.000553643
0.000548324
0.000543056
0.000537839
0.000532671
0.000527554
0.000522485
0.000517466
0.000512494
0.000507571
0.000502694
0.000497865
0.000493081
0.000488344
0.000483653
0.000479006
0.000474404
0.000469846
0.000465332
0.000460862
0.000456434
0.000452049
0.000447706
0.000443405
0.000439145
0.000434926
0.000430747
0.000426609
0.00042251
0.000418451
0.000414431
0.000410449
0.000406506
0.0004026
0.000398732
0.000394902
0.000391108
0.00038735
0.000383629
0.000379943
0.000376293
0.000372678
0.000369097
0.000365551
0.000362039
0.000358561
0.000355116
0.000351704
0.000348325
0.000344979
0.000341665
0.000338382
0.000335131
0.000331911
0.000328723
0.000325565
0.000322437
0.000319339
0.000316271
0.000313232
0.000310223
0.000307243
0.000304291
0.000301367
0.000298472
0.000295605
0.000292765
0.000289952
0.000287166
0.000284407
0.000281675
0.000278969
0.000276289
0.000273634
0.000271005
0.000268402
0.000265823
0.000263269
0.00026074
0.000258235
0.000255754
0.000253297
0.000250863
0.000248453
0.000246066
0.000243702
0.000241361
0.000239042
0.000236745
0.000234471
0.000232218
0.000229987
0.000227778
0.000225589
0.000223422
0.000221275
0.00021915
0.000217044
0.000214959
0.000212894
0.000210848
0.000208823
0.000206816
0.000204829
0.000202862
0.000200913
0.000198982
0.000197071
0.000195177
0.000193302
0.000191445
0.000189606
0.000187784
0.00018598
0.000184193
0.000182424
0.000180671
0.000178935
0.000177216
0.000175514
0.000173827
0.000172157
0.000170503
0.000168865
0.000167243
0.000165636
0.000164045
0.000162469
0.000160908
0.000159362
0.000157831
0.000156315
0.000154813
0.000153326
0.000151853
0.000150394
0.000148949
0.000147518
0.0001461
0.000144697
0.000143307
0.00014193
0.000140566
0.000139216
0.000137878
0.000136554
0.000135242
0.000133942
0.000132656
0.000131381
0.000130119
0.000128869
0.000127631
0.000126405
0.00012519
0.000123987
0.000122796
0.000121616
0.000120448
0.000119291
0.000118145
0.00011701
0.000115886
0.000114772
0.00011367
0.000112577
0.000111496
0.000110425
0.000109364
0.000108313
0.000107273
0.000106242
0.000105221
0.00010421
0.000103209
0.000102218
0.000101236
0.000100263
9.92997e-05
9.83457e-05
9.74008e-05
9.6465e-05
9.55383e-05
9.46204e-05
9.37114e-05
9.2811e-05
9.19194e-05
9.10363e-05
9.01616e-05
8.92954e-05
8.84375e-05
8.75879e-05
8.67464e-05
8.5913e-05
8.50876e-05
8.42701e-05
8.34605e-05
8.26587e-05
8.18645e-05
8.1078e-05
8.02991e-05
7.95276e-05
7.87636e-05
7.80069e-05
7.72574e-05
7.65152e-05
7.57801e-05
7.5052e-05
7.4331e-05
7.36169e-05
7.29096e-05
7.22091e-05
7.15154e-05
7.08283e-05
7.01478e-05
6.94739e-05
6.88064e-05
6.81454e-05
6.74907e-05
6.68423e-05
6.62001e-05
6.55641e-05
6.49342e-05
6.43104e-05
6.36925e-05
6.30806e-05
6.24746e-05
6.18743e-05
6.12799e-05
6.06912e-05
6.01081e-05
5.95306e-05
5.89587e-05
5.83922e-05
5.78312e-05
5.72756e-05
5.67254e-05
5.61804e-05
5.56406e-05
5.51061e-05
5.45766e-05
5.40523e-05
5.3533e-05
5.30187e-05
5.25093e-05
5.20049e-05
5.15052e-05
5.10104e-05
5.05203e-05
5.0035e-05
4.95542e-05
4.90782e-05
4.86067e-05
4.81397e-05
4.76772e-05
4.72191e-05
4.67655e-05
4.63162e-05
4.58712e-05
4.54305e-05
4.4994e-05
4.45618e-05
4.41336e-05
4.37096e-05
4.32897e-05
4.28738e-05
4.24619e-05
4.20539e-05
4.16499e-05
4.12498e-05
4.08535e-05
4.0461e-05
4.00723e-05
3.96873e-05
3.9306e-05
3.89284e-05
3.85544e-05
3.81839e-05
3.78171e-05
3.74538e-05
3.70939e-05
3.67376e-05
3.63846e-05
3.60351e-05
3.56889e-05
3.5346e-05
3.50064e-05
3.46701e-05
3.4337e-05
3.40071e-05
3.36804e-05
3.33568e-05
3.30363e-05
3.27189e-05
3.24046e-05
3.20933e-05
3.17849e-05
3.14796e-05
3.11771e-05
3.08776e-05
3.0581e-05
3.02872e-05
2.99962e-05
2.9708e-05
2.94226e-05
2.91399e-05
2.88599e-05
2.85827e-05
2.83081e-05
2.80361e-05
2.77668e-05
2.75e-05
2.72358e-05
2.69741e-05
2.6715e-05
2.64583e-05
2.62041e-05
2.59524e-05
2.5703e-05
2.54561e-05
2.52115e-05
2.49693e-05
2.47294e-05
2.44918e-05
2.42565e-05
2.40235e-05
2.37927e-05
2.35641e-05
2.33377e-05
2.31135e-05
2.28914e-05
2.26715e-05
2.24537e-05
2.2238e-05
2.20243e-05
2.18127e-05
2.16032e-05
2.13956e-05
2.11901e-05
2.09865e-05
2.07849e-05
2.05852e-05
2.03874e-05
2.01915e-05
1.99976e-05
1.98054e-05
1.96152e-05
1.94267e-05
1.92401e-05
1.90552e-05
1.88721e-05
1.86908e-05
1.85113e-05
1.83334e-05
1.81573e-05
1.79828e-05
1.78101e-05
1.7639e-05
1.74695e-05
1.73017e-05
1.71354e-05
1.69708e-05
1.68078e-05
1.66463e-05
1.64864e-05
1.6328e-05
1.61711e-05
1.60157e-05
1.58619e-05
1.57095e-05
1.55586e-05
1.54091e-05
1.5261e-05
1.51144e-05
1.49692e-05
1.48254e-05
1.4683e-05
1.45419e-05
1.44022e-05
1.42638e-05
1.41268e-05
1.39911e-05
1.38567e-05
1.37235e-05
1.35917e-05
1.34611e-05
1.33318e-05
1.32037e-05
1.30768e-05
1.29512e-05
1.28268e-05
1.27035e-05
1.25815e-05
1.24606e-05
1.23409e-05
1.22223e-05
1.21049e-05
1.19886e-05
1.18734e-05
1.17594e-05
1.16464e-05
1.15345e-05
1.14237e-05
1.13139e-05
1.12052e-05
1.10976e-05
1.0991e-05
1.08854e-05
1.07808e-05
1.06772e-05
1.05746e-05
1.0473e-05
1.03724e-05
1.02728e-05
1.01741e-05
1.00763e-05
9.97953e-06
