   0.00000000000000e+00   3.04286669288042e-02   6.07356757613090e-02   9.07807170744450e-02   1.20383344291406e-01   1.49295387135365e-01   1.77163068988987e-01   2.03473064751182e-01   2.27474290173045e-01   2.48063518174494e-01   2.63617409719754e-01   2.71745387967118e-01   2.68925732530490e-01   2.49969491045803e-01   2.07230591071805e-01   1.29441895838213e-01   0.00000000000000e+00
   0.00000000000000e+00   3.04898368386172e-02   6.08673281451973e-02   9.10028948144238e-02   1.20729871934341e-01   1.49819020373612e-01   1.77943526236322e-01   2.04629163548649e-01   2.29182036082497e-01   2.50582900029889e-01   2.67331980570323e-01   2.77220657552192e-01   2.76995261010954e-01   2.61861790982350e-01   2.24756157325807e-01   1.55268837002187e-01   3.80602337443566e-02
   0.00000000000000e+00   3.06640340037936e-02   6.12422424148471e-02   9.16356034874947e-02   1.21716699170790e-01   1.51310201674577e-01   1.80166080437282e-01   2.07921454379197e-01   2.34045284976893e-01   2.57757492546844e-01   2.77910183382701e-01   2.92812906146529e-01   2.99975333891654e-01   2.95728195930618e-01   2.74664747495292e-01   2.28817742823698e-01   1.46446609406726e-01
   0.00000000000000e+00   3.09247384850367e-02   6.18033412713104e-02   9.25825189337011e-02   1.23193590499614e-01   1.53541912202779e-01   1.83492367862276e-01   2.12848715808567e-01   2.41323651297524e-01   2.68495029052497e-01   2.93741582670350e-01   3.16148355245727e-01   3.34367443391381e-01   3.46412852736959e-01   3.49358231149455e-01   3.38891459113912e-01   3.08658283817455e-01
   0.00000000000000e+00   3.12322603883691e-02   6.24652025000646e-02   9.36994818601679e-02   1.24935702604054e-01   1.56174394260808e-01   1.87415991403718e-01   2.18660816949871e-01   2.49909069750627e-01   2.81160816949871e-01   3.12415991403717e-01   3.43674394260806e-01   3.74935702604052e-01   4.06199481860166e-01   4.37465202500063e-01   4.68732260388368e-01   5.00000000000000e-01
   0.00000000000000e+00   3.15397822917015e-02   6.31270637288188e-02   9.48164447866347e-02   1.26677814708494e-01   1.58806876318836e-01   1.91339614945161e-01   2.24472918091176e-01   2.58494488203730e-01   2.93826604847245e-01   3.31090400137084e-01   3.71200433275885e-01   4.15503961816723e-01   4.65986110983373e-01   5.25572173850672e-01   5.98573061662824e-01   6.91341716182545e-01
   0.00000000000000e+00   3.18004867729445e-02   6.36881625852821e-02   9.57633602328411e-02   1.28154706037318e-01   1.61038586847039e-01   1.94665902370154e-01   2.29400179520546e-01   2.65772854524360e-01   3.04564141352897e-01   3.46921799424733e-01   3.94535882375083e-01   4.49896071316451e-01   5.16670767789714e-01   6.00265657504834e-01   7.08646777953039e-01   8.53553390593274e-01
   0.00000000000000e+00   3.19746839381210e-02   6.40630768549318e-02   9.63960689059120e-02   1.29141533273767e-01   1.62529768148003e-01   1.96888456571115e-01   2.32692470351094e-01   2.70636103418756e-01   3.11738733869853e-01   3.57500002237111e-01   4.10128130969420e-01   4.72876144197150e-01   5.50537172737983e-01   6.50174247674320e-01   7.82195683774550e-01   9.61939766255643e-01
   0.00000000000000e+00   3.20358538479339e-02   6.41947292388202e-02   9.66182466458908e-02   1.29488060916702e-01   1.63053401386250e-01   1.97668913818449e-01   2.33848569148561e-01   2.72343849328208e-01   3.14258115725248e-01   3.61214573087680e-01   4.15603400554494e-01   4.80945672677614e-01   5.62429472674529e-01   6.67699813928321e-01   8.08022624938524e-01   1.00000000000000e+00
   0.00000000000000e+00   3.19746839381210e-02   6.40630768549318e-02   9.63960689059120e-02   1.29141533273767e-01   1.62529768148003e-01   1.96888456571115e-01   2.32692470351094e-01   2.70636103418756e-01   3.11738733869853e-01   3.57500002237111e-01   4.10128130969420e-01   4.72876144197150e-01   5.50537172737983e-01   6.50174247674320e-01   7.82195683774550e-01   9.61939766255643e-01
   0.00000000000000e+00   3.18004867729445e-02   6.36881625852821e-02   9.57633602328411e-02   1.28154706037318e-01   1.61038586847039e-01   1.94665902370154e-01   2.29400179520546e-01   2.65772854524360e-01   3.04564141352897e-01   3.46921799424733e-01   3.94535882375083e-01   4.49896071316451e-01   5.16670767789715e-01   6.00265657504834e-01   7.08646777953039e-01   8.53553390593274e-01
   0.00000000000000e+00   3.15397822917015e-02   6.31270637288188e-02   9.48164447866347e-02   1.26677814708494e-01   1.58806876318836e-01   1.91339614945161e-01   2.24472918091176e-01   2.58494488203730e-01   2.93826604847245e-01   3.31090400137084e-01   3.71200433275885e-01   4.15503961816723e-01   4.65986110983373e-01   5.25572173850672e-01   5.98573061662824e-01   6.91341716182545e-01
   0.00000000000000e+00   3.12322603883691e-02   6.24652025000646e-02   9.36994818601679e-02   1.24935702604054e-01   1.56174394260808e-01   1.87415991403718e-01   2.18660816949871e-01   2.49909069750627e-01   2.81160816949871e-01   3.12415991403717e-01   3.43674394260806e-01   3.74935702604052e-01   4.06199481860166e-01   4.37465202500063e-01   4.68732260388368e-01   5.00000000000000e-01
   0.00000000000000e+00   3.09247384850367e-02   6.18033412713104e-02   9.25825189337011e-02   1.23193590499614e-01   1.53541912202779e-01   1.83492367862276e-01   2.12848715808567e-01   2.41323651297524e-01   2.68495029052497e-01   2.93741582670350e-01   3.16148355245727e-01   3.34367443391381e-01   3.46412852736959e-01   3.49358231149455e-01   3.38891459113912e-01   3.08658283817455e-01
   0.00000000000000e+00   3.06640340037936e-02   6.12422424148471e-02   9.16356034874947e-02   1.21716699170790e-01   1.51310201674577e-01   1.80166080437282e-01   2.07921454379197e-01   2.34045284976893e-01   2.57757492546844e-01   2.77910183382701e-01   2.92812906146529e-01   2.99975333891654e-01   2.95728195930618e-01   2.74664747495292e-01   2.28817742823698e-01   1.46446609406726e-01
   0.00000000000000e+00   3.04898368386172e-02   6.08673281451973e-02   9.10028948144238e-02   1.20729871934341e-01   1.49819020373612e-01   1.77943526236322e-01   2.04629163548649e-01   2.29182036082497e-01   2.50582900029889e-01   2.67331980570323e-01   2.77220657552192e-01   2.76995261010955e-01   2.61861790982350e-01   2.24756157325807e-01   1.55268837002187e-01   3.80602337443568e-02
   0.00000000000000e+00   3.04286669288042e-02   6.07356757613090e-02   9.07807170744450e-02   1.20383344291406e-01   1.49295387135365e-01   1.77163068988987e-01   2.03473064751182e-01   2.27474290173045e-01   2.48063518174494e-01   2.63617409719754e-01   2.71745387967118e-01   2.68925732530490e-01   2.49969491045803e-01   2.07230591071805e-01   1.29441895838213e-01   0.00000000000000e+00
