0.306186
0.146575
0.10246
0.0810017
0.0672908
0.0569052
0.0484181
0.0412828
0.035224
0.0300618
0.0256582
0.0219003
0.018693
0.0159555
0.0136188
0.0116244
0.00992204
0.00846899
0.00722874
0.00617011
0.00526652
0.00449526
0.00383694
0.00327503
0.00279542
0.00238604
0.00203661
0.00173836
0.00148378
0.00126649
0.00108101
0.000922702
0.000787575
0.000672238
0.000573791
0.000489761
0.000418037
0.000356817
0.000304562
0.00025996
0.00022189
0.000189395
0.000161659
0.000137984
0.000117777
0.000100529
8.58068e-05
7.32407e-05
6.25149e-05
5.33598e-05
4.55454e-05
3.88754e-05
3.31823e-05
2.83228e-05
2.4175e-05
2.06347e-05
1.76128e-05
1.50335e-05
1.28319e-05
1.09527e-05
9.34871e-06
