0.0734864
0.302755
0.114932
0.0659067
0.0436186
0.031205
0.0234766
0.0183066
0.0146685
0.0120099
0.0100099
0.00847019
0.00726194
0.00629808
0.00551771
0.00487709
0.00434419
0.00389519
0.00351226
0.00318188
0.00289381
0.00264021
0.00241507
0.00221374
0.00203257
0.0018687
0.00171984
0.00158416
0.00146013
0.00134651
0.00124222
0.00114637
0.00105818
0.000976967
0.000902118
0.000833102
0.000769436
0.000710687
0.00065646
0.000606396
0.00056017
0.000517481
0.000478056
0.000441641
0.000408005
0.000376935
0.000348233
0.000321718
0.000297224
0.000274596
0.000253691
0.000234378
0.000216536
0.000200052
0.000184823
0.000170754
0.000157756
0.000145747
0.000134653
0.000124403
0.000114933
0.000106184
9.81013e-05
9.06338e-05
8.37347e-05
7.73607e-05
7.1472e-05
6.60315e-05
6.10051e-05
5.63614e-05
5.20711e-05
4.81074e-05
4.44455e-05
4.10623e-05
3.79366e-05
3.50488e-05
3.23809e-05
2.99161e-05
2.76388e-05
2.5535e-05
2.35912e-05
2.17954e-05
2.01364e-05
1.86036e-05
1.71875e-05
1.58791e-05
1.46704e-05
1.35537e-05
1.2522e-05
1.15688e-05
1.06882e-05
9.87459e-06
