0.433013
0.225347
0.157805
0.122969
0.101572
0.0870682
0.0765784
0.0686288
0.062386
0.0573432
0.0531742
0.0496589
0.0466433
0.0440161
0.041695
0.0396181
0.0377386
0.0360205
0.0344359
0.0329633
0.031586
0.030291
0.0290678
0.0279082
0.0268057
0.025755
0.0247517
0.0237922
0.0228734
0.0219929
0.0211483
0.0203376
0.0195592
0.0188115
0.0180931
0.0174026
0.0167388
0.0161006
0.015487
0.014897
0.0143295
0.0137838
0.0132589
0.0127541
0.0122685
0.0118014
0.0113522
0.0109201
0.0105044
0.0101045
0.00971994
0.00934997
0.00899409
0.00865176
0.00832246
0.0080057
0.007701
0.00740789
0.00712594
0.00685473
0.00659383
0.00634287
0.00610146
0.00586923
0.00564585
0.00543096
0.00522426
0.00502542
0.00483415
0.00465016
0.00447318
0.00430293
0.00413916
0.00398162
0.00383008
0.00368431
0.00354408
0.00340919
0.00327944
0.00315462
0.00303455
0.00291906
0.00280796
0.00270109
0.00259828
0.00249939
0.00240426
0.00231276
0.00222473
0.00214006
0.00205861
0.00198026
0.00190489
0.00183239
0.00176265
0.00169556
0.00163103
0.00156895
0.00150923
0.00145179
0.00139654
0.00134338
0.00129226
0.00124307
0.00119576
0.00115025
0.00110647
0.00106436
0.00102385
0.00098488
0.000947396
0.000911337
0.000876652
0.000843286
0.00081119
0.000780316
0.000750617
0.000722049
0.000694567
0.000668132
0.000642703
0.000618241
0.000594711
0.000572076
0.000550303
0.000529358
0.000509211
0.00048983
0.000471187
0.000453253
0.000436002
0.000419408
0.000403445
0.00038809
0.000373319
0.000359111
0.000345443
0.000332295
0.000319648
0.000307482
0.000295779
0.000284522
0.000273693
0.000263276
0.000253256
0.000243617
0.000234345
0.000225425
0.000216846
0.000208592
0.000200653
0.000193016
0.00018567
0.000178604
0.000171806
0.000165267
0.000158977
0.000152926
0.000147106
0.000141507
0.000136121
0.00013094
0.000125957
0.000121163
0.000116551
0.000112115
0.000107848
0.000103743
9.97949e-05
9.59967e-05
9.2343e-05
8.88284e-05
8.54476e-05
8.21954e-05
7.90671e-05
7.60577e-05
7.3163e-05
7.03784e-05
6.76998e-05
6.51231e-05
6.26445e-05
6.02602e-05
5.79667e-05
5.57605e-05
5.36382e-05
5.15967e-05
4.9633e-05
4.77439e-05
4.59268e-05
4.41788e-05
4.24973e-05
4.08799e-05
3.9324e-05
3.78273e-05
3.63876e-05
3.50027e-05
3.36704e-05
3.23889e-05
3.11562e-05
2.99704e-05
2.88297e-05
2.77325e-05
2.66769e-05
2.56616e-05
2.46849e-05
2.37454e-05
2.28417e-05
2.19723e-05
2.1136e-05
2.03316e-05
1.95578e-05
1.88134e-05
1.80973e-05
1.74086e-05
1.6746e-05
1.61086e-05
1.54955e-05
1.49058e-05
1.43385e-05
1.37927e-05
1.32678e-05
1.27628e-05
1.2277e-05
1.18098e-05
1.13603e-05
1.09279e-05
1.0512e-05
1.01119e-05
9.72705e-06
