0.000000000000000000e+00
2.170565146133967893e+00
-3.833984405124787997e+00
1.069185879410203377e+00
1.990431060308894828e+00
-1.194390157927660567e-02
-2.201626835753218714e+00
-2.415497081923008160e+00
2.084245697591669888e+00
-2.647113307499716406e+00
-3.293281486607917863e+00
1.482878546942377973e+00
3.627146769559492334e+00
-3.968413869376684389e+00
9.753810708621291070e-02
2.500967693216908039e+00
9.002085346351051953e-01
1.774042539454396383e+00
-1.664991454634934698e+00
3.342192980103547484e+00
1.716606267181524537e+00
3.403549440900901502e-01
-2.862639619187784312e+00
-1.013273919588246308e+00
1.393068920530762256e+00
-4.653346046160313776e-01
-5.278880533336502978e-01
9.421358277545373028e-01
1.051059404351271098e-01
1.203177455451737821e+00
8.083116272363550792e-01
2.441785574661971658e+00
1.731772191490730251e-01
3.269191046469345885e+00
-1.446111288091637803e+00
-3.276325205832741005e+00
-1.594399546910373111e+00
-3.088125105091601874e+00
2.629450610461413262e+00
-3.624829444886001895e+00
1.010297186491140309e+00
3.806892473539482680e-01
2.554295965360549481e+00
-2.408419682569501674e+00
2.854802419661865542e+00
-1.186778884543296719e+00
2.037181532238857784e+00
-1.632306344962570321e+00
3.071491836489490090e+00
-1.395906897342009678e+00
-2.679872818246812116e+00
-8.597660484273017545e-01
-3.252317003530797557e+00
2.568845262695427678e+00
-2.790783842859489106e+00
-9.270844104624034188e-01
3.554085697910409181e+00
3.901003799214977974e+00
-3.495636232417274059e-01
2.608982750741918544e+00
-1.989006926343525272e+00
7.789731858470743120e-01
3.222654082653019003e+00
2.764635904145205103e-01
7.216109038833833367e-01
-3.685745862196901257e+00
-1.142545930923709818e+00
-3.363095278752286532e+00
-1.556320653257453834e+00
-1.354245504142943979e+00
2.190642369684766777e+00
-3.680326330480181873e+00
-5.640625725468932927e-01
-1.480585025258493559e+00
1.091929144540356944e+00
-1.229222799359735774e+00
-3.655221150360044469e+00
3.039321396143328080e+00
2.105924697149448299e+00
3.024773141798866583e+00
-6.599268492858643143e-01
8.446205151500540964e-01
1.077330192663072950e-01
7.826931837037891526e-01
-1.902274710944397818e+00
-1.593029528474342094e+00
-3.796801743599151457e+00
-1.575499514791721900e+00
-2.063392996771781007e+00
4.606255093011535351e-01
5.240561591053403134e-01
-1.989420206795955437e-01
-1.657616189683927210e+00
-3.485991514441404426e+00
3.830553166061140935e+00
-1.282337250897090719e+00
-3.961095294036542924e-02
3.816645807381454425e+00
-4.738094007946678232e-01
-1.453817556168390368e+00
1.583758870030411714e-01
6.250914390597399617e-01
2.831470004003890928e+00
-3.455221811696399747e+00
-2.837535377653397362e-01
2.255592948953187182e+00
1.748822483058002142e+00
6.881758404254068040e-01
-3.703244694124737002e+00
-1.194748869734936214e+00
5.055254759419600674e-01
-1.602161020603497299e+00
9.867322618839402537e-02
1.387735402277764152e+00
-2.726450132975251961e+00
-3.596178638768019020e+00
-1.297472903482564277e+00
-3.135489817764379517e+00
-2.568777531431276628e+00
3.086616769341645750e+00
-1.077080230287073448e+00
-2.249845206563706235e+00
2.019969361748822578e+00
-3.144963324851446806e+00
1.956825926204484922e+00
-2.417176524760442646e-01
7.860453702328733527e-01
-2.819038461717618738e+00
-2.527721423254789990e+00
1.160577011745934861e+00
-3.610975949892755388e+00
-2.011099937577844443e+00
3.392681298240338705e-01
-2.185813253839926418e+00
-9.487077207629432962e-01
3.377862295228370115e+00
3.402854982942214335e+00
5.339993965999996206e-01
2.677670799120210887e-01
-3.881119802934175134e+00
3.823194107216039583e+00
5.842312322654867884e-01
2.334055970212991937e+00
4.924588822109514652e-01
3.018681932519477584e+00
6.735666282454042531e-01
1.670798610951641727e+00
-2.811732389148331457e+00
-5.723940882568285815e-01
1.551120530739293457e+00
-3.163042043817174687e+00
-4.831580978032761209e-01
-2.670382818363730593e+00
5.582903411237882807e-02
2.552286913089700349e+00
-3.279146122204491753e+00
2.400550005553161448e+00
5.210108316624362246e-01
7.147816934448592008e-01
-2.415194742269848760e+00
-5.110539572893255666e-01
-1.632769902233301096e+00
-3.699538592466578457e+00
-3.754521277016429792e+00
-3.751599983901323654e-01
1.958912615600541862e+00
4.583632498911756059e-01
-9.190912034761078431e-01
-2.655417619739051105e+00
2.706090565629542866e+00
7.924143796919409510e-01
2.261718545959769067e+00
2.788073455157716651e+00
8.253038068962785800e-01
2.248484938322256710e+00
9.258950082685544203e-01
-3.830678470622760123e+00
2.003716883899928192e+00
-2.591662933730448870e+00
-3.318863501018158857e-01
1.049816618579608729e-01
-1.278328777053934218e-01
2.755086356314780716e+00
-2.601488841423044818e+00
-3.882920999174000798e+00
2.790112574489857167e+00
1.941396618395472728e+00
-3.464197174386223210e-01
-6.648127436049779959e-01
-3.066163912424293869e+00
-1.290566936085282279e+00
-3.242727674050775555e+00
1.726646982010513476e+00
-3.383316764671691068e+00
-2.352397933048219869e+00
5.902098516096172531e-01
-1.649347558369855804e+00
1.245813941716785500e+00
2.428546781945756905e+00
-1.190291976028730048e+00
-3.252476984449863551e+00
2.506528669366432815e+00
2.278933746215574985e+00
-8.526471005078768428e-01
2.915833550415626085e+00
-9.277538550741404322e-01
-1.941576902359969381e+00
2.635215358617887027e+00
1.891061630708507302e+00
6.080726443967510164e-02
1.154612920331335779e+00
-2.294507476970815141e+00
3.165671589628464844e+00
3.727570012062520810e+00
-1.463987501553694948e+00
2.924420945818265061e+00
-1.517730344479048199e+00
-3.797888436545463264e+00
-3.606438737810170991e+00
-2.522985295885876056e+00
-3.447733267061967588e+00
-1.940196612763655182e+00
3.308653852565396569e+00
-3.372039042047161317e-01
-2.958305684163240912e+00
2.479133323201429207e+00
-7.722412761546717519e-01
-3.804538840134687128e+00
2.854648341022020475e+00
-1.805641447876830341e+00
1.672847712575924461e+00
-1.153821257410693413e+00
2.354472494612273259e+00
2.756950889150804329e+00
3.051801371196676271e-01
4.726921312260667918e-01
-3.019920148500641055e+00
-9.788646514073580107e-01
-5.700213669676585937e-01
8.966917028372289877e-02
3.134100559485553994e+00
-1.598315107247895384e+00
-8.284649689723959654e-01
2.346185864220912798e+00
-7.017913811727947149e-01
-2.521059600072701024e+00
2.721978528707124312e+00
5.541711976103078641e-01
-3.519598355593442918e+00
3.911335793569609365e+00
-2.169741334384277742e+00
9.176137038413569869e-01
-1.055786553316324650e+00
2.422207490785971196e+00
1.020494821645031358e+00
2.569731809586082605e+00
-1.693974889662269057e+00
-1.801638947257850454e+00
8.084151290600800621e-01
3.508113577674699890e+00
1.658370474731498234e+00
-1.892774680345939764e+00
-3.021312631079959843e+00
-3.302061664810906905e-01
3.798499995173353128e+00
1.444594995555557482e+00
-2.453970141708311736e+00
-3.626086182708839978e+00
3.621151494164990936e+00
2.869192123747412282e+00
2.623225405988569570e+00
3.711204182706262955e+00
7.914915925813987840e-01
3.447326686782012040e+00
-2.825849485770185687e+00
-3.088317529962462338e+00
-1.023768782609324468e+00
2.132481012567254197e+00
-1.430863748280324366e+00
1.104280650757013760e+00
-3.926231186640968929e+00
3.477203077993280544e-01
-1.297962824918531766e+00
3.184194470796122722e+00
3.525656307865785877e+00
-9.270252067714448430e-01
-8.310576612752242909e-01
3.178239558554784239e+00
-3.529421055185223643e+00
-7.569656925634475897e-01
-2.958595674952700705e+00
-3.304244728603059400e+00
2.271714295671902306e+00
-1.563413157227039108e+00
6.724469804421522312e-01
3.027729427413304641e+00
3.046336484908324316e+00
8.076336579654110892e-01
1.161821965472265461e+00
-3.546974377295150305e+00
-1.620127224192625448e+00
1.534196860611732660e+00
-2.487764377154917383e+00
2.424060293735182725e+00
1.181099988537024359e-01
2.058288322524918001e+00
-2.577690011063216602e+00
-3.339037669636057970e+00
-1.434242422171321252e-01
2.308310348970090686e-01
1.570466174471976117e+00
-2.361907087758430279e+00
1.370978639658907206e+00
2.346154602611364659e+00
-3.666097499864311438e+00
3.706860045771927403e+00
3.803141737386662058e+00
4.052862737745206445e-01
-3.480744140747122906e+00
-1.238105681105140299e+00
-3.836560249508037757e+00
2.406814478268928248e+00
-2.336583214942788977e+00
-2.853979912758544124e+00
1.599151876234022218e+00
-3.536401551919562181e+00
-1.947139465208027609e+00
8.265427639075983990e-02
3.962070278562047854e+00
-2.827874565465586798e+00
-4.038817792105886539e-01
8.115230094624497070e-01
-3.221820046880958799e+00
-1.690120955664197844e+00
1.766399215259256472e+00
4.064485123275902723e-01
2.708616120431098118e+00
6.426508117438123335e-01
-2.523426107122991091e+00
9.240169364683259445e-01
3.095640707748883003e+00
1.343142225635354237e-01
1.009149353011387085e+00
4.047294045168925436e-02
3.277300612692434889e+00
-6.935627554834375985e-01
2.837497303337839227e-01
-1.258854995483787320e+00
-2.963385782853919181e+00
1.302574011199910231e+00
3.485360015965196290e+00
9.018334554324320962e-01
2.741907995598114489e+00
-2.256732510377258194e+00
3.225373917839371884e+00
-3.921840183042514028e+00
-2.193498186692521834e+00
-2.943558981824105025e+00
3.260343572128408418e+00
3.281845093278104031e+00
6.484632570792392414e-01
-3.300055579808756967e+00
-3.064964483404814644e+00
2.168570042462835801e+00
1.862362150372176117e+00
-3.302973144539902428e+00
-1.140294415040922438e+00
2.185692974018092372e+00
-2.948227187105951330e+00
3.026594708317924542e-01
2.037788529815593108e+00
-1.819790592070918755e+00
5.321359672586263301e-01
-1.865202342667044988e-01
4.529655403347154774e-01
-4.741035406895912629e-01
1.549898914095293456e+00
1.745897442557177826e+00
2.051058863164787915e+00
-3.701423927909287315e+00
1.430683175143850683e+00
-1.822335927365248409e-01
-3.198628898632542850e+00
9.135698697175227423e-01
2.703316071729569003e+00
1.871152301270667451e+00
-1.427475338304741825e+00
-3.457157511304797204e+00
-3.701358103485819839e+00
4.730024316838568055e-01
-2.713178405851617292e+00
-1.856894514383265360e+00
-2.114304348512024312e+00
-3.845220307057381603e+00
-2.786508604840166825e+00
-3.728779894939505901e+00
3.854678864703025454e+00
-1.116117518767530292e+00
2.603716228496135265e+00
-7.021007318603578184e-01
-1.974566829520481015e+00
-2.106312988158716593e+00
2.184924794213710442e+00
1.370055241005053048e+00
1.650647081605336020e+00
2.825243305523216897e+00
1.763965346880631557e-01
-4.578427734283900818e-01
4.299875300440296755e-01
1.215958787248879958e+00
2.308430995801922236e+00
3.138155613541503186e+00
-1.527158730567570011e+00
-2.915121821863445817e+00
2.007413214753498210e+00
2.146657722966063275e-01
2.277908646083792732e+00
-5.605911771474216820e-01
2.710772700908208321e+00
2.988322033890362661e-01
-1.996608534798605561e+00
-3.528847908473809802e+00
-3.264405720738818850e+00
-2.606400454868428973e+00
-4.859651952137973296e-01
2.487473800600846552e+00
3.283216988850677254e+00
6.087256960959015473e-01
-1.670764561757206224e+00
1.214290974249724542e+00
1.103365606044544478e+00
2.859791773864461817e-02
3.724421724974369852e+00
2.453529196883922125e+00
3.428154851228937261e+00
9.114810133155035743e-01
3.856031330744809971e+00
1.719903646762609206e+00
-3.930725828661671528e+00
-1.694835352049510746e+00
2.731189260014569520e+00
-4.545833037812210264e-01
-2.615602212187170927e+00
-3.083783102189891601e+00
2.383044768169845895e+00
1.191241211564910252e+00
1.396798517596842260e-02
-1.714878334142678540e+00
1.093566627883133080e+00
-1.053264757358212123e+00
3.163083468180154512e-01
2.096534415839006904e+00
2.719099849235043997e+00
-3.160340703826496345e+00
8.505046676732597177e-02
1.163909301953405695e+00
-2.775465485978727109e+00
-3.985922807165121817e+00
3.736366025840402116e+00
2.462932266120738234e+00
-1.807459285092227752e+00
-1.767283143422992531e+00
-3.034562868624174570e+00
-1.544938800731436856e-01
3.458415830100499910e+00
3.319419406146148610e+00
-2.048999232193511766e+00
-8.411336286730088929e-01
3.761916241812712336e+00
-1.795042931169908762e+00
3.502795526931310022e+00
2.152097256188051588e+00
3.077749504848484641e+00
2.968039801952002676e+00
-2.828232326185479373e+00
2.313510303401410617e+00
3.273777965372078214e+00
2.705364388245640406e+00
1.696249491097298723e+00
-1.540964651700284627e+00
-1.169723561832085146e+00
-2.109172838209773637e+00
-3.281506887494195723e+00
-2.444174605423694580e+00
9.264630029369342878e-01
3.456669404520874345e+00
1.528671598264877751e+00
5.027763736340506995e-01
-1.889953636699662098e+00
2.171750470797322308e-01
2.435063317672675254e+00
-1.639392848752010856e+00
-2.533291595523992967e+00
-3.842140323947035085e+00
1.946569855780396985e+00
-3.693652766513307206e+00
-5.305626482092113960e-01
2.656678090501989331e+00
-3.892331532001938044e+00
7.468313211310917410e-02
-1.636103988699773026e-01
-3.762760473618174117e+00
-3.908571785407469967e+00
-1.345247998124045274e+00
-3.508551371157640375e+00
7.853880644517952092e-01
3.087362028180986151e+00
-7.029297970884744728e-01
-3.693822408782434508e+00
-3.353260769673554798e+00
-3.344683661585211354e+00
2.474938670572279342e+00
0.000000000000000000e+00
