0   0   -0.622834   0   0   0
0.19635   0.0378124   -0.629053   2.22045e-16   0.0378124   0
0.392699   0.142474   -0.648223   1.88411e-15   0.142474   0
0.589049   0.288502   -0.681971   3.88578e-15   0.288502   0
0.785398   0.436179   -0.733349   6.21725e-15   0.436179   0
0.981748   0.535474   -0.807468   4.88498e-15   0.535474   0
1.1781   0.531131   -0.912697   1.88411e-15   0.531131   0
1.37445   0.368546   -1.06298   -2.22045e-16   0.368546   0
1.5708   1.51085e-16   -1.28251   0   4.44089e-16   0
1.76715   -0.609229   -1.61609   2.22045e-16   -0.609229   0
1.9635   -1.47536   -2.15432   -1.88411e-15   -1.47536   0
2.15984   -2.5917   -3.1053   -3.9968e-15   -2.5917   0
2.35619   -3.92561   -5.04813   -6.21725e-15   -3.92561   0
2.55254   -5.41742   -10.2097   -4.996e-15   -5.41742   0
2.74889   -6.98122   -35.7632   -1.88411e-15   -6.98122   0
2.94524   -8.50778   -60.8443   6.66134e-16   -8.50778   0
