0   0   -0.30917   0   0   -6.16298e-33
0.0981748   0.00959187   -0.309921   2.22045e-15   0.00959187   1.80411e-16
0.19635   0.0378124   -0.312191   8.88178e-16   0.0378124   1.11022e-16
0.294524   0.0830094   -0.316023   4.32987e-15   0.0830094   -3.40006e-16
0.392699   0.142474   -0.321494   6.32827e-15   0.142474   0
0.490874   0.212505   -0.328717   2.9976e-15   0.212505   3.26128e-16
0.589049   0.288502   -0.337844   1.77636e-15   0.288502   4.44089e-16
0.687223   0.365074   -0.349074   1.77636e-15   0.365074   -8.60423e-16
0.785398   0.436179   -0.362665   1.00486e-14   0.436179   -4.35788e-33
0.883573   0.495272   -0.378943   3.87598e-15   0.495272   -5.76879e-16
0.981748   0.535474   -0.398323   -2.35052e-15   0.535474   2.08575e-16
1.07992   0.549758   -0.421334   -6.04119e-15   0.549758   -8.8355e-16
1.1781   0.531131   -0.44865   -5.05315e-15   0.531131   -1.89527e-16
1.27627   0.472836   -0.48114   -5.49397e-15   0.472836   -1.00015e-15
1.37445   0.368546   -0.519929   -2.74073e-15   0.368546   2.22045e-16
1.47262   0.212561   -0.566502   8.71632e-15   0.212561   -1.4773e-15
1.5708   1.51085e-16   -0.622834   1.42109e-14   4.44089e-16   4.44089e-16
1.66897   -0.273023   -0.691605   7.54952e-15   -0.273023   -1.15186e-15
1.76715   -0.609229   -0.776517   3.10862e-15   -0.609229   -2.22045e-16
1.86532   -1.01002   -0.882802   4.55191e-15   -1.01002   -1.11716e-15
1.9635   -1.47536   -1.01805   7.32747e-15   -1.47536   1.11022e-16
2.06167   -2.00366   -1.1936   5.21805e-15   -2.00366   -1.33921e-15
2.15984   -2.5917   -1.42707   1.77636e-15   -2.5917   -4.44089e-16
2.25802   -3.23455   -1.74701   8.88178e-15   -3.23455   -1.52656e-15
2.35619   -3.92561   -2.20236   1.00486e-14   -3.92561   4.35788e-33
2.45437   -4.65656   -2.88312   6.17262e-15   -4.65656   -1.02097e-15
2.55254   -5.41742   -3.97079   -2.97855e-15   -5.41742   -5.22594e-16
2.65072   -6.19665   -5.88189   -1.2324e-15   -6.19665   -1.3007e-15
2.74889   -6.98122   -9.77477   -6.12528e-15   -6.98122   -1.24492e-16
2.84707   -7.75677   -20.1033   -3.34972e-15   -7.75677   -2.42044e-16
2.94524   -8.50778   -71.2142   -7.61937e-17   -8.50778   -2.22045e-16
3.04342   -9.21779   -121.379   1.33227e-15   -9.21779   -4.62321e-16
