0   -0.243932   -38.2461   0
0.000976562   1.0749   -17.5212   19.465
0.00195312   3.03405   -4.89473   -6.5946
0.00292969   -1.38893   5.24905   -41.6502
0.00390625   2.24959   -16.4976   -28.7471
0.00488281   2.82381   -36.5028   -13.0342
0.00585938   -0.204787   -37.0712   58.4507
0.00683594   -1.20856   45.7563   7.63217
0.0078125   0.548644   -16.9979   -37.0832
0.00878906   0.648418   -41.5034   -6.94535
0.00976562   6.543   68.8609   18.7378
0.0107422   1.99411   37.6133   63.4943
0.0117188   0.985247   -61.5424   -33.4742
0.0126953   2.34133   -51.8854   0.427693
0.0136719   2.08926   10.6757   1.9697
0.0146484   -0.675566   20.7569   -32.6544
0.015625   -1.5016   -12.1903   -43.0541
0.0166016   5.35637   -46.7489   -3.83672
0.0175781   0.750538   28.1616   -18.2478
0.0185547   -4.6528   15.7245   13.5714
0.0195312   -1.601   -16.7655   -17.3248
0.0205078   -2.50664   46.4253   50.6811
0.0214844   -6.32397   -27.9237   -29.0859
0.0224609   -1.07892   29.9313   -39.0864
0.0234375   -3.47356   -0.581831   -16.8995
0.0244141   -2.34002   116.924   -466.719
0.0253906   0.507532   -25.8241   -52.7103
0.0263672   1.21401   86.5501   -44.9173
0.0273438   -0.680765   65.7035   27.739
0.0283203   0.0636148   1.51753   -30.7449
0.0292969   0.926025   -37.8914   11.3567
0.0302734   -2.23315   22.2715   47.5862
0.03125   0.436789   -4.33737   -16.6345
0.0322266   0.196801   38.4304   15.7745
0.0332031   -1.50777   -10.1554   -29.405
0.0341797   0.510281   52.0482   -54.7681
0.0351562   2.25715   -80.2781   -42.8388
0.0361328   -1.42216   63.9409   -21.6136
0.0371094   -3.45318   -40.749   -13.21
0.0380859   2.05275   -45.1553   7.46648
0.0390625   -1.09108   15.3127   -41.242
0.0400391   -0.55132   13.5637   -110.041
0.0410156   -0.400197   -19.0569   57.707
0.0419922   3.68684   -9.93723   6.78633
0.0429688   5.60785   -114.178   -39.4479
0.0439453   -0.619898   -91.6662   7.11018
0.0449219   -1.50115   -36.3167   15.0181
0.0458984   -1.35091   23.927   12.2685
0.046875   -2.10019   -25.2495   -24.8976
0.0478516   -2.70516   -66.5167   19.02
0.0488281   -1.24338   -3.88735   9.79685
0.0498047   2.26755   46.3707   -24.4866
0.0507812   5.30149   50.6508   54.8415
0.0517578   0.688052   -52.8613   -4.76992
0.0527344   -2.07417   -23.8559   37.197
0.0537109   2.83466   -47.2774   63.6718
0.0546875   2.60409   49.356   -34.0109
0.0556641   0.89522   -56.2412   68.6342
0.0566406   2.23318   -50.6277   83.695
0.0576172   -3.37599   -29.5292   -59.3353
0.0585938   1.97375   -42.3494   24.0765
0.0595703   -0.663756   -17.3245   -47.1771
0.0605469   -0.0589695   2.3188   74.3568
0.0615234   -4.34437   3.78038   28.954
0.0625   0.00305154   36.9819   15.7824
0.0634766   1.63159   -96.7003   -33.9631
0.0644531   -1.19469   94.8606   24.0377
0.0654297   -0.680771   49.9726   18.8469
0.0664062   2.03498   -52.222   49.782
0.0673828   1.61619   26.4207   27.9855
0.0683594   -1.53776   -26.4552   1.82808
0.0693359   -5.86311   -23.7725   -10.5804
0.0703125   -2.84953   -5.44141   20.2455
0.0712891   -3.76119   37.5841   29.2864
0.0722656   -0.383641   -47.0497   -38.694
0.0732422   -1.02125   -29.6809   33.0682
0.0742188   -0.228394   24.7823   64.7431
0.0751953   -0.761024   -17.3203   -19.7662
0.0761719   0.836924   63.8116   -36.6917
0.0771484   2.79732   32.7293   -6.99853
0.078125   -2.23556   48.9148   -531.757
0.0791016   2.15188   -77.8815   -1.51428
0.0800781   4.80157   -5.76378   -41.3771
0.0810547   1.99007   -35.8509   35.2717
0.0820312   -0.572818   -20.4993   35.6992
0.0830078   0.830986   -82.3087   1.20546
0.0839844   0.981107   39.4836   40.9159
0.0849609   -5.00657   15.1325   24.4666
0.0859375   0.79896   19.8544   -82.2752
0.0869141   -0.690031   29.3549   4.56421
0.0878906   2.55149   -21.6877   18.0052
0.0888672   5.06903   -37.1004   18.1296
0.0898438   1.9991   65.9483   -18.0771
0.0908203   1.28512   1.56424   13.7142
0.0917969   5.65187   24.6388   -54.9302
0.0927734   2.54518   -26.5782   -76.6942
0.09375   1.20722   -36.2583   -4.49979
0.0947266   -8.13259   -32.3167   79.3465
0.0957031   2.8537   38.9113   -24.2609
0.0966797   0.724357   -2.30481   -47.288
0.0976562   -1.20418   -13.7099   -16.332
0.0986328   -0.826139   -16.7626   -24.8385
0.0996094   -0.849336   77.5548   -61.3277
0.100586   2.81679   -89.5947   -99.6461
0.101562   2.01089   14.0701   44.9131
0.102539   0.956264   -29.7639   -19.066
0.103516   -3.85388   -26.6606   13.2331
0.104492   1.58695   42.017   38.6412
0.105469   3.55294   61.6824   19.5298
0.106445   -0.760305   42.9234   -10.9509
0.107422   -4.71913   22.7338   4.83094
0.108398   -3.2461   -72.4242   20.984
0.109375   -2.99542   7.50181   18.2208
0.110352   -1.90672   -2.95738   26.5975
0.111328   -3.36855   27.024   40.5547
0.112305   2.02317   117.932   -18.8023
0.113281   -0.347696   -40.6583   28.3157
0.114258   0.709402   -38.8975   -53.3452
0.115234   0.0888713   -70.2047   29.6505
0.116211   -1.57102   38.9719   64.9362
0.117188   2.06486   -23.9476   -5.89124
0.118164   1.8662   -37.364   -70.7046
0.119141   -0.298146   -0.626403   -54.4171
0.120117   0.383906   10.7748   -3.78117
0.121094   -2.13511   -3.77416   1.6861
0.12207   3.37003   -16.1757   -594.324
0.123047   -0.743155   0.306408   49.4374
0.124023   -2.53923   51.3831   11.1732
0.125   4.02107   28.9833   21.8922
0.125977   1.79838   -77.7473   8.63475
0.126953   1.43561   -87.2585   -31.1558
0.12793   1.58957   4.25426   -35.9877
0.128906   -2.16874   -29.286   -19.0682
0.129883   4.14574   1.00907   21.8895
0.130859   8.44644   22.7281   -62.5692
0.131836   1.44767   -10.6311   47.3055
0.132812   -5.86891   1.75671   38.6866
0.133789   -1.77724   58.5787   -12.2823
0.134766   -4.20637   -9.58369   -46.9744
0.135742   -3.84526   -35.4507   -91.637
0.136719   -0.183908   -31.4282   -56.9555
0.137695   1.89329   25.1843   3.85426
0.138672   4.04634   102.051   -54.8565
0.139648   2.85443   -48.1993   44.386
0.140625   4.46539   48.7781   -25.6318
0.141602   -2.02677   21.572   -26.7655
0.142578   -2.4269   42.8888   -64.5943
0.143555   1.14625   9.96669   62.6702
0.144531   -1.1048   -79.3135   -76.5965
0.145508   -6.19036   26.4703   81.7681
0.146484   0.399893   -22.5688   28.6355
0.147461   1.87422   27.6519   17.6414
0.148438   -0.579119   -2.74068   35.3142
0.149414   -3.34602   -20.6538   -85.9515
0.150391   1.6275   0.351192   -47.5652
0.151367   0.784247   29.3717   12.1668
0.152344   0.295344   -81.6717   61.9395
0.15332   1.79841   -38.178   45.0878
0.154297   0.629686   9.88378   71.3477
0.155273   0.361811   49.6299   22.5926
0.15625   -2.70981   -25.1272   -7.97748
0.157227   -2.41916   -2.87437   -7.48562
0.158203   -0.265193   47.6809   36.7685
0.15918   1.76176   67.3283   -26.7093
0.160156   -1.73696   -51.6097   -0.521557
0.161133   -4.4027   6.15683   -11.5548
0.162109   -0.332444   12.3434   -15.4076
0.163086   2.28546   32.6834   27.0627
0.164062   0.0647637   -40.7067   39.9864
0.165039   -1.43464   3.66306   -48.4112
0.166016   5.41357   70.053   -33.7178
0.166992   -4.16665   5.59377   13.7709
0.167969   2.20476   -32.9459   -46.8015
0.168945   1.72108   -53.8311   114.997
0.169922   -3.31108   29.0363   -22.5063
0.170898   1.7652   53.9758   8.86943
0.171875   1.80638   43.0158   97.0559
0.172852   -1.16482   -22.6971   -25.2001
0.173828   -2.19025   47.2434   37.0981
0.174805   3.29346   26.4459   43.2512
0.175781   2.10518   -28.1301   11.1784
0.176758   0.943325   -15.4556   15.719
0.177734   -0.506065   41.4738   -8.81975
0.178711   2.91245   61.8522   16.7355
0.179688   0.120396   75.8105   18.8055
0.180664   -3.23285   -96.2827   -44.8253
0.181641   -0.498099   25.0281   43.309
0.182617   -2.2061   2.88791   -68.9558
0.183594   1.70365   -3.52489   23.3034
0.18457   -0.646961   52.5901   57.2552
0.185547   -0.0639967   -11.6074   -33.19
0.186523   -5.27951   46.3091   -9.76298
0.1875   -0.686634   -55.1345   50.59
0.188477   -1.65523   -30.0234   4.31032
0.189453   0.00934677   -32.0797   -9.04385
0.19043   -0.998871   7.83447   20.2333
0.191406   -1.42981   29.7427   -18.4154
0.192383   1.91878   36.5798   11.1959
0.193359   1.73021   24.3865   -42.0682
0.194336   1.73557   20.6477   -50.2834
0.195312   -1.95693   40.6384   20.9953
0.196289   -1.87772   -8.97792   18.7242
0.197266   0.657544   39.4044   8.24877
0.198242   -4.532   -71.1437   12.695
0.199219   -5.61525   -48.8834   28.127
0.200195   -0.311311   66.8609   -33.0012
0.201172   2.62621   47.7185   59.0889
0.202148   0.601848   32.3006   36.7744
0.203125   1.81561   100.714   2.70186
0.204102   2.56159   -61.0667   3.32039
0.205078   0.617231   -52.6632   20.6879
0.206055   -0.271887   -98.2954   -24.7894
0.207031   -0.329118   -11.3742   44.0731
0.208008   -0.327104   -20.639   -39.7076
0.208984   -0.830152   -20.5922   21.714
0.209961   2.50392   -18.5427   55.3711
0.210938   -0.78931   80.024   -17.9959
0.211914   0.0270388   -11.6696   -13.7158
0.212891   0.835389   6.4867   6.28265
0.213867   0.453309   18.8539   38.8016
0.214844   1.18575   -1.72794   -12.6431
0.21582   -3.20093   4.36161   43.6792
0.216797   4.65933   -46.9879   8.3443
0.217773   4.27794   -0.173922   -61.6798
0.21875   0.106765   27.926   -12.0914
0.219727   0.91324   -111.14   60.4222
0.220703   -4.95119   -28.8112   -7.21461
0.22168   -2.69272   -10.392   15.1301
0.222656   -4.41402   -52.3168   25.3462
0.223633   -3.24961   85.6009   -45.4136
0.224609   -1.66361   3.17807   -80.3289
0.225586   -1.37823   -93.0109   -4.01357
0.226562   3.03727   -23.9245   -59.4722
0.227539   0.296731   -3.02262   31.2056
0.228516   -2.86228   5.33891   41.8762
0.229492   -4.174   34.8878   39.4743
0.230469   -3.28132   11.7102   17.1164
0.231445   -1.25056   47.0963   88.7021
0.232422   -4.43522   89.6908   -42.4606
0.233398   1.38904   -57.7544   -8.11394
0.234375   1.83721   13.5617   -514.702
0.235352   -0.136931   27.3074   -85.1982
0.236328   0.255073   -60.2658   -30.7489
0.237305   -5.55748   43.7056   34.0274
0.238281   -2.61314   -56.6806   -78.8599
0.239258   1.53246   10.0527   19.5165
0.240234   0.000336492   5.51337   -76.4346
0.241211   0.176519   75.9911   -9.01202
0.242188   2.27163   -34.5695   3.12292
0.243164   -1.23799   32.9782   6.07708
0.244141   -1.1779   -6.45821   -34.1977
0.245117   -3.72177   85.7196   132.115
0.246094   -0.677588   41.0037   -38.4186
0.24707   -1.54155   -61.1558   -40.0794
0.248047   1.5733   -6.74385   54.8361
0.249023   -3.4193   11.8956   -56.1512
0.25   1.8546   5.37233   -30.1285
0.250977   3.35253   80.7157   21.0767
0.251953   3.94976   23.6345   97.345
0.25293   -0.235129   7.61198   -84.5518
0.253906   0.832313   45.5393   -88.5271
0.254883   5.00868   -9.83532   69.7823
0.255859   -0.737726   -94.4211   -18.4436
0.256836   -1.09651   -0.0463173   -4.78417
0.257812   3.28036   31.6712   -92.6001
0.258789   2.67344   -11.707   -15.0172
0.259766   -1.90991   -28.1492   2.18323
0.260742   -3.35003   2.21758   51.1177
0.261719   -2.94582   -62.7165   -26.4066
0.262695   -2.85389   -10.8847   48.6397
0.263672   0.31845   -47.2053   38.6226
0.264648   1.49677   -43.2195   -67.0317
0.265625   -0.939924   -7.9674   36.326
0.266602   0.835149   -12.8184   -40.5201
0.267578   1.65773   6.22663   41.4311
0.268555   -0.0492485   -30.0558   36.0768
0.269531   -3.10211   7.86984   12.5666
0.270508   0.121561   5.69097   39.7891
0.271484   -4.1147   15.6988   86.305
0.272461   -1.64294   10.9873   56.2255
0.273438   1.47578   -37.6578   -3.17699
0.274414   4.45619   -64.55   62.0764
0.275391   0.699801   -60.1472   1.77543
0.276367   4.97939   52.6598   91.1353
0.277344   1.59709   -5.47461   -16.2398
0.27832   1.62328   60.4936   61.4726
0.279297   0.483891   4.51963   -40.182
0.280273   -3.15238   -93.4791   -7.59408
0.28125   0.518719   -17.2072   -59.113
0.282227   -1.73368   4.73912   116.224
0.283203   5.30621   24.2006   63.2215
0.28418   2.33214   -100.008   19.7184
0.285156   -1.65098   -22.7335   -52.7958
0.286133   2.16099   -88.7672   -14.4074
0.287109   -0.381324   -37.066   32.782
0.288086   4.93329   -109.223   10.0968
0.289062   1.4472   -7.98785   -55.3592
0.290039   4.99979   -73.3437   14.7111
0.291016   1.45394   51.0758   -9.04698
0.291992   -1.50881   10.3711   66.2353
0.292969   3.53242   -26.995   -63.2372
0.293945   -3.96443   -85.5282   -43.1
0.294922   -1.52166   69.4103   -63.4574
0.295898   0.274456   65.5919   13.8218
0.296875   2.07705   -14.2305   -82.6116
0.297852   0.0160875   42.9229   15.0013
0.298828   0.921515   -50.3654   -79.3059
0.299805   -1.21768   -21.4955   -14.4021
0.300781   2.04956   40.9062   4.30145
0.301758   -1.15168   -119.499   -4.3166
0.302734   1.2455   9.48725   2.8145
0.303711   -4.99308   -75.7551   4.5805
0.304688   3.92107   91.4725   27.6377
0.305664   2.15361   -40.6946   21.653
0.306641   -1.71622   55.6626   -15.6228
0.307617   -3.16129   -27.5547   -467.863
0.308594   -3.41331   15.8667   -53.0591
0.30957   -5.86501   -65.1058   -41.7719
0.310547   -4.84741   109.519   -40.9188
0.311523   -1.72553   -70.416   -30.3313
0.3125   -3.72608   60.4373   -38.266
0.313477   0.884881   44.5727   -72.526
0.314453   4.06431   40.7831   -93.0508
0.31543   1.29009   -149.572   -5.12426
0.316406   -0.938532   55.5514   -118.297
0.317383   1.39569   25.819   32.7056
0.318359   0.178824   48.2828   -47.2241
0.319336   -1.7951   18.6493   -32.5216
0.320312   -2.43772   -31.9136   -15.5228
0.321289   2.05775   -33.5486   -17.1485
0.322266   4.6103   -8.85655   -11.1682
0.323242   -2.77344   6.12488   -12.0884
0.324219   1.00277   23.3604   67.5728
0.325195   2.0241   -4.32567   65.4583
0.326172   0.305122   45.4723   6.58285
0.327148   3.30728   24.8751   87.79
0.328125   4.82854   -59.209   38.5754
0.329102   -0.291689   3.54727   20.6869
0.330078   3.2897   -17.1532   43.799
0.331055   1.40566   -59.926   -62.1029
0.332031   -3.06311   -31.0108   -76.0099
0.333008   1.16067   74.9269   35.4489
0.333984   0.464187   1.45878   53.6081
0.334961   -7.82988   -19.3032   60.4837
0.335938   -2.10461   18.956   55.056
0.336914   -0.741658   -24.198   -64.2197
0.337891   3.12828   -6.75047   -7.70084
0.338867   -1.18542   12.0285   4.38477
0.339844   -2.60572   25.7916   58.3811
0.34082   2.4311   -8.83978   -10.1477
0.341797   -3.25925   25.5835   43.9274
0.342773   0.673258   120.257   -17.7896
0.34375   -0.667825   23.4971   -5.67695
0.344727   0.149347   -60.9241   -3.75629
0.345703   2.93351   88.4972   -22.04
0.34668   0.310603   -41.1451   26.9241
0.347656   -2.38439   -17.9008   -33.9558
0.348633   -1.55858   -11.8319   -32.5159
0.349609   -3.77582   14.4729   -6.01665
0.350586   -1.26379   -20.8621   44.0117
0.351562   -3.37088   61.6085   -43.9868
0.352539   2.35231   -26.9469   10.1897
0.353516   2.48065   8.00663   -18.744
0.354492   0.906554   28.1453   5.65909
0.355469   -2.5654   -0.95215   25.417
0.356445   -0.0367826   -35.6496   -6.96787
0.357422   -2.495   -36.051   97.5039
0.358398   -0.466618   -15.8569   26.0779
0.359375   -2.01533   -52.151   -22.1564
0.360352   -0.816475   15.1352   -60.074
0.361328   0.803646   23.9751   -91.5304
0.362305   2.87473   -64.7062   24.9005
0.363281   0.751771   41.597   63.2522
0.364258   -1.67718   120.805   -39.3529
0.365234   -1.51771   52.7657   100.249
0.366211   2.48322   -9.35099   46.5901
0.367188   -0.449567   -62.2047   -90.4742
0.368164   1.5829   15.9589   -15.1794
0.369141   -1.83143   -127.245   -54.5505
0.370117   3.23756   18.0536   -49.3638
0.371094   -1.39952   43.5542   -4.80375
0.37207   -0.923826   -35.9163   88.1076
0.373047   -2.89027   -11.3104   -48.621
0.374023   2.16671   -22.9229   -16.8894
0.375   2.76643   59.583   38.9405
0.375977   2.99223   63.388   -6.34575
0.376953   1.38066   -36.4232   -4.42546
0.37793   -1.1408   -2.10814   -19.6777
0.378906   3.81904   35.0484   24.1012
0.379883   1.79014   -31.9256   38.3728
0.380859   2.26138   46.2313   91.8957
0.381836   1.3872   56.802   64.679
0.382812   -7.12571   -8.89307   52.5578
0.383789   -0.884694   16.5595   -26.5166
0.384766   -2.71772   13.4982   -44.984
0.385742   -1.98371   14.7011   61.0077
0.386719   -1.37402   29.3075   27.9691
0.387695   -3.65882   67.6948   -47.7076
0.388672   -2.4542   29.1473   49.0512
0.389648   -1.05624   58.1946   25.2065
0.390625   -0.654562   -17.5807   8.6508
0.391602   -0.543348   -9.7208   44.6991
0.392578   3.21995   -23.9765   38.3984
0.393555   2.45565   -19.8192   -43.3924
0.394531   -1.16987   -22.1644   61.1362
0.395508   1.87047   14.3496   7.81833
0.396484   -2.62465   55.2641   -20.6105
0.397461   -0.320988   -3.4801   -24.8044
0.398438   -4.28206   33.9617   -8.25554
0.399414   -3.62969   81.2254   81.3357
0.400391   2.22775   44.0555   -6.2117
0.401367   4.78288   -6.58197   -56.1231
0.402344   2.16346   -12.5614   -5.52017
0.40332   4.898   -38.4526   10.1377
0.404297   -0.53927   53.3299   28.5301
0.405273   -0.0942627   46.3606   23.0712
0.40625   -2.18381   78.2517   69.5281
0.407227   -1.78142   56.8221   -9.46956
0.408203   0.7122   -63.5503   -33.8821
0.40918   1.06727   125.224   69.348
0.410156   3.73961   39.1714   -55.532
0.411133   -1.28506   -85.985   27.0283
0.412109   -0.6424   -77.5952   80.4196
0.413086   2.93913   -24.3224   26.7373
0.414062   1.6571   48.264   6.36844
0.415039   -2.84202   -69.2415   64.4249
0.416016   -1.05291   1.60155   7.5576
0.416992   3.22934   62.0511   9.77352
0.417969   -0.338192   40.3339   -66.8861
0.418945   3.46295   4.06462   -0.444269
0.419922   1.46408   -3.09075   -21.6271
0.420898   -1.24767   -66.9126   20.6687
0.421875   -2.48181   -50.1643   -31.0535
0.422852   -2.64823   10.806   -55.0529
0.423828   -1.06468   -55.0629   7.54235
0.424805   1.86836   -17.0127   -50.0584
0.425781   1.58327   -53.7534   45.432
0.426758   1.00066   34.4604   60.3915
0.427734   -0.0795963   -1.17961   -46.39
0.428711   -0.250262   8.62424   39.7643
0.429688   2.82372   76.2706   58.3018
0.430664   -3.67986   79.0194   30.0712
0.431641   -3.54923   -40.5855   19.4467
0.432617   0.825798   18.4272   20.9561
0.433594   -2.28259   -33.1079   -8.132
0.43457   0.480108   1.4935   -30.1036
0.435547   -1.08996   101.727   76.4572
0.436523   0.534421   -22.4487   42.3504
0.4375   -2.51812   -25.3108   -5.69566
0.438477   1.51233   -43.4099   -84.9426
0.439453   -0.287391   -50.5631   54.5041
0.44043   0.720633   18.3346   18.4093
0.441406   3.23762   -5.42126   -65.1879
0.442383   3.27694   2.24053   -35.7004
0.443359   -2.19907   -48.3856   33.0151
0.444336   1.60537   -57.4658   28.0311
0.445312   0.620712   21.9067   -10.998
0.446289   -2.15586   -14.0728   32.7428
0.447266   -2.78353   -22.6167   11.5703
0.448242   3.94622   46.9055   -65.8214
0.449219   1.71415   -93.2492   -45.1333
0.450195   0.946975   -36.882   2.68817
0.451172   6.09582   11.5649   -3.60113
0.452148   1.31929   37.6705   10.071
0.453125   0.957174   18.8325   -63.4598
0.454102   -2.94608   10.7534   72.9705
0.455078   3.07835   4.54914   -49.8895
0.456055   0.931698   -51.3287   124.908
0.457031   -4.2327   -18.9166   -32.1047
0.458008   -0.609184   71.6386   43.476
0.458984   0.591804   33.8073   -10.1854
0.459961   -0.336685   -27.8894   -8.63938
0.460938   -0.21082   -7.92153   -26.8577
0.461914   0.288849   22.204   -5.27468
0.462891   -2.90358   -64.2372   55.7848
0.463867   0.76323   25.3912   39.0823
0.464844   0.383548   39.1402   -6.37341
0.46582   2.49131   21.8872   -0.363376
0.466797   2.7231   35.0328   101.248
0.467773   -0.655946   43.0849   17.4598
0.46875   -3.14835   38.3093   -25.6633
0.469727   -4.6955   42.5426   52.0657
0.470703   -3.0495   -45.734   -7.25651
0.47168   -1.46962   -29.6911   -21.1746
0.472656   -0.618335   8.3748   -48.6118
0.473633   -3.37013   41.3122   51.9576
0.474609   -1.20281   -39.7347   -23.4105
0.475586   -3.20433   -6.99598   55.0139
0.476562   1.19131   25.8404   44.1347
0.477539   0.979285   30.808   -22.0399
0.478516   -1.37216   22.973   61.1364
0.479492   3.07003   80.1455   71.6565
0.480469   5.53984   19.6419   20.2071
0.481445   2.47654   -11.5772   -18.6372
0.482422   -2.47932   -33.1612   23.76
0.483398   1.49438   48.4666   62.0437
0.484375   0.13502   -14.4584   65.1771
0.485352   -3.80049   -1.90536   3.40268
0.486328   -1.32346   -53.4798   68.9785
0.487305   1.67391   28.4831   16.6645
0.488281   2.60569   29.6507   -30.6561
0.489258   3.22938   -50.2768   -51.1229
0.490234   6.28801   38.0303   15.0499
0.491211   -0.0851439   -55.6683   -24.4829
0.492188   -2.32582   -60.7276   -4.24182
0.493164   0.42841   -17.905   42.4887
0.494141   1.27508   20.4339   -13.0079
0.495117   -7.37952   -41.2754   44.1086
0.496094   -0.511647   18.3181   77.8214
0.49707   4.04625   -69.9705   -32.7585
0.498047   -1.66557   -16.2323   83.7084
0.499023   -2.83325   -7.54219   22.4023
0.5   1.66502   -25.5813   0
0.500977   2.46878   -7.54219   -22.4023
0.501953   -3.63397   -16.2323   -83.7084
0.50293   -0.857672   -69.9705   32.7585
0.503906   -1.72774   18.3181   -77.8214
0.504883   -0.308828   -41.2754   -44.1086
0.505859   -0.479785   20.4339   13.0079
0.506836   -3.09574   -17.905   -42.4887
0.507812   -5.26859   -60.7276   4.24182
0.508789   -0.487871   -55.6683   24.4829
0.509766   2.30655   38.0303   -15.0499
0.510742   -3.11549   -50.2768   51.1229
0.511719   -2.40957   29.6507   30.6561
0.512695   0.722705   28.4831   -16.6645
0.513672   5.94781   -53.4798   -68.9785
0.514648   3.30312   -1.90536   -3.40268
0.515625   1.91354   -14.4584   -65.1771
0.516602   -0.245481   48.4666   -62.0437
0.517578   2.83448   -33.1612   -23.76
0.518555   -1.55556   -11.5772   18.6372
0.519531   -0.132885   19.6419   -20.2071
0.520508   -5.27618   80.1455   -71.6565
0.521484   4.99379   22.973   -61.1364
0.522461   3.54873   30.808   22.0399
0.523438   -1.3594   25.8404   -44.1347
0.524414   -0.446113   -6.99598   -55.0139
0.525391   0.0578741   -39.7347   23.4105
0.526367   -1.98497   41.3122   -51.9576
0.527344   0.0180625   8.3748   48.6118
0.52832   4.46871   -29.6911   21.1746
0.529297   1.55973   -45.734   7.25651
0.530273   2.04523   42.5426   -52.0657
0.53125   3.73521   38.3093   25.6633
0.532227   -5.25244   43.0849   -17.4598
0.533203   -2.63064   35.0328   -101.248
0.53418   0.860871   21.8872   0.363376
0.535156   -0.669194   39.1402   6.37341
0.536133   -3.46472   25.3912   -39.0823
0.537109   3.74841   -64.2372   -55.7848
0.538086   2.71251   22.204   5.27468
0.539062   0.298148   -7.92153   26.8577
0.540039   -0.626688   -27.8894   8.63938
0.541016   -1.53713   33.8073   10.1854
0.541992   -0.763491   71.6386   -43.476
0.542969   0.290259   -18.9166   32.1047
0.543945   -0.0501821   -51.3287   -124.908
0.544922   -5.08549   4.54914   49.8895
0.545898   -1.46779   10.7534   -72.9705
0.546875   2.41232   18.8325   63.4598
0.547852   0.234548   37.6705   -10.071
0.548828   -5.64935   11.5649   3.60113
0.549805   -0.430069   -36.882   -2.68817
0.550781   0.568943   -93.2492   45.1333
0.551758   -2.85465   46.9055   65.8214
0.552734   -5.26439   -22.6167   -11.5703
0.553711   3.96291   -14.0728   -32.7428
0.554688   0.303396   21.9067   10.998
0.555664   -0.85783   -57.4658   -28.0311
0.556641   0.742612   -48.3856   -33.0151
0.557617   -2.99144   2.24053   35.7004
0.558594   -1.62125   -5.42126   65.1879
0.55957   -1.35287   18.3346   -18.4093
0.560547   -0.719207   -50.5631   -54.5041
0.561523   1.00279   -43.4099   84.9426
0.5625   3.7002   -25.3108   5.69566
0.563477   2.37264   -22.4487   -42.3504
0.564453   3.57092   101.727   -76.4572
0.56543   1.14591   1.4935   30.1036
0.566406   0.105892   -33.1079   8.132
0.567383   -1.27709   18.4272   -20.9561
0.568359   1.60952   -40.5855   -19.4467
0.569336   2.56852   79.0194   -30.0712
0.570312   0.748619   76.2706   -58.3018
0.571289   2.5384   8.62424   -39.7643
0.572266   -0.208512   -1.17961   46.39
0.573242   -1.51747   34.4604   -60.3915
0.574219   -3.58414   -53.7534   -45.432
0.575195   3.44676   -17.0127   50.0584
0.576172   3.70571   -55.0629   -7.54235
0.577148   3.58275   10.806   55.0529
0.578125   1.61125   -50.1643   31.0535
0.579102   -0.310508   -66.9126   -20.6687
0.580078   -0.14693   -3.09075   21.6271
0.581055   -2.6226   4.06462   0.444269
0.582031   -4.15438   40.3339   66.8861
0.583008   -5.92009   62.0511   -9.77352
0.583984   1.18474   1.60155   -7.5576
0.584961   -2.12437   -69.2415   -64.4249
0.585938   -4.99887   48.264   -6.36844
0.586914   -2.00925   -24.3224   -26.7373
0.587891   -0.88039   -77.5952   -80.4196
0.588867   -1.66897   -85.985   -27.0283
0.589844   -0.0829583   39.1714   55.532
0.59082   -0.798923   125.224   -69.348
0.591797   2.21664   -63.5503   33.8821
0.592773   0.403253   56.8221   9.46956
0.59375   3.09662   78.2517   -69.5281
0.594727   -1.91447   46.3606   -23.0712
0.595703   -0.880784   53.3299   -28.5301
0.59668   1.18071   -38.4526   -10.1377
0.597656   -1.22971   -12.5614   5.52017
0.598633   -2.2831   -6.58197   56.1231
0.599609   -0.64241   44.0555   6.2117
0.600586   1.14679   81.2254   -81.3357
0.601562   2.46194   33.9617   8.25554
0.602539   -0.0266579   -3.4801   24.8044
0.603516   2.47003   55.2641   20.6105
0.604492   -0.507205   14.3496   -7.81833
0.605469   3.15002   -22.1644   -61.1362
0.606445   0.242779   -19.8192   43.3924
0.607422   1.09056   -23.9765   -38.3984
0.608398   0.403996   -9.7208   -44.6991
0.609375   1.58663   -17.5807   -8.6508
0.610352   2.58886   58.1946   -25.2065
0.611328   1.19288   29.1473   -49.0512
0.612305   1.78598   67.6948   47.7076
0.613281   1.17002   29.3075   -27.9691
0.614258   -0.524325   14.7011   -61.0077
0.615234   -1.07846   13.4982   44.984
0.616211   3.25681   16.5595   26.5166
0.617188   3.37764   -8.89307   -52.5578
0.618164   3.1741   56.802   -64.679
0.619141   -1.55258   46.2313   -91.8957
0.620117   -2.33607   -31.9256   -38.3728
0.621094   -3.39922   35.0484   -24.1012
0.62207   -5.63519   -2.10814   19.6777
0.623047   0.858971   -36.4232   4.42546
0.624023   -1.38783   63.388   6.34575
0.625   2.57801   59.583   -38.9405
0.625977   3.12878   -22.9229   16.8894
0.626953   -0.1159   -11.3104   48.621
0.62793   1.10033   -35.9163   -88.1076
0.628906   1.54176   43.5542   4.80375
0.629883   2.57995   18.0536   49.3638
0.630859   -3.90825   -127.245   54.5505
0.631836   -4.1181   15.9589   15.1794
0.632812   -1.00474   -62.2047   90.4742
0.633789   -0.211681   -9.35099   -46.5901
0.634766   0.532092   52.7657   -100.249
0.635742   1.92232   120.805   39.3529
0.636719   -5.65883   41.597   -63.2522
0.637695   -4.77006   -64.7062   -24.9005
0.638672   4.96923   23.9751   91.5304
0.639648   1.59113   15.1352   60.074
0.640625   -3.67895   -52.151   22.1564
0.641602   3.52896   -15.8569   -26.0779
0.642578   4.15385   -36.051   -97.5039
0.643555   -0.599484   -35.6496   6.96787
0.644531   0.17966   -0.95215   -25.417
0.645508   -2.7698   28.1453   -5.65909
0.646484   -1.3832   8.00663   18.744
0.647461   -1.44654   -26.9469   -10.1897
0.648438   -2.11754   61.6085   43.9868
0.649414   0.357285   -20.8621   -44.0117
0.650391   3.56377   14.4729   6.01665
0.651367   3.28594   -11.8319   32.5159
0.652344   1.95   -17.9008   33.9558
0.65332   -0.998702   -41.1451   -26.9241
0.654297   -0.755052   88.4972   22.04
0.655273   2.60382   -60.9241   3.75629
0.65625   -1.92981   23.4971   5.67695
0.657227   -0.0592368   120.257   17.7896
0.658203   0.249122   25.5835   -43.9274
0.65918   -2.31413   -8.83978   10.1477
0.660156   -2.00485   25.7916   -58.3811
0.661133   -2.79228   12.0285   -4.38477
0.662109   -3.80754   -6.75047   7.70084
0.663086   0.786256   -24.198   64.2197
0.664062   3.53662   18.956   -55.056
0.665039   6.16951   -19.3032   -60.4837
0.666016   -2.72722   1.45878   -53.6081
0.666992   -1.88682   74.9269   -35.4489
0.667969   1.1862   -31.0108   76.0099
0.668945   -1.3972   -59.926   62.1029
0.669922   -0.852686   -17.1532   -43.799
0.670898   -2.48732   3.54727   -20.6869
0.671875   -2.87092   -59.209   -38.5754
0.672852   0.393634   24.8751   -87.79
0.673828   0.116964   45.4723   -6.58285
0.674805   -1.81939   -4.32567   -65.4583
0.675781   -0.859592   23.3604   -67.5728
0.676758   0.219293   6.12488   12.0884
0.677734   -0.454516   -8.85655   11.1682
0.678711   -2.20718   -33.5486   17.1485
0.679688   1.30534   -31.9136   15.5228
0.680664   1.53845   18.6493   32.5216
0.681641   1.69473   48.2828   47.2241
0.682617   0.0233441   25.819   -32.7056
0.683594   1.51833   55.5514   118.297
0.68457   -0.514934   -149.572   5.12426
0.685547   -0.439971   40.7831   93.0508
0.686523   1.34786   44.5727   72.526
0.6875   -2.49081   60.4373   38.266
0.688477   5.35658   -70.416   30.3313
0.689453   2.39401   109.519   40.9188
0.69043   -3.09294   -65.1058   41.7719
0.691406   -0.173077   15.8667   53.0591
0.692383   4.53871   -27.5547   467.863
0.693359   -3.89005   55.6626   15.6228
0.694336   -4.10656   -40.6946   -21.653
0.695312   3.02937   91.4725   -27.6377
0.696289   0.384181   -75.7551   -4.5805
0.697266   4.142   9.48725   -2.8145
0.698242   1.09222   -119.499   4.3166
0.699219   -2.2067   40.9062   -4.30145
0.700195   1.62582   -21.4955   14.4021
0.701172   -1.56439   -50.3654   79.3059
0.702148   -1.25361   42.9229   -15.0013
0.703125   -1.39147   -14.2305   82.6116
0.704102   2.70617   65.5919   -13.8218
0.705078   1.88297   69.4103   63.4574
0.706055   1.58629   -85.5282   43.1
0.707031   -3.04477   -26.995   63.2372
0.708008   1.87963   10.3711   -66.2353
0.708984   1.57075   51.0758   9.04698
0.709961   -3.03502   -73.3437   -14.7111
0.710938   -0.721562   -7.98785   55.3592
0.711914   -2.14163   -109.223   -10.0968
0.712891   4.36084   -37.066   -32.782
0.713867   -0.461679   -88.7672   14.4074
0.714844   -0.253584   -22.7335   52.7958
0.71582   1.53345   -100.008   -19.7184
0.716797   0.0308118   24.2006   -63.2215
0.717773   -0.433855   4.73912   -116.224
0.71875   1.7587   -17.2072   59.113
0.719727   -3.5301   -93.4791   7.59408
0.720703   0.759182   4.51963   40.182
0.72168   1.3069   60.4936   -61.4726
0.722656   -1.02678   -5.47461   16.2398
0.723633   2.00685   52.6598   -91.1353
0.724609   -2.97207   -60.1472   -1.77543
0.725586   -1.87042   -64.55   -62.0764
0.726562   1.69526   -37.6578   3.17699
0.727539   0.807588   10.9873   -56.2255
0.728516   1.46148   15.6988   -86.305
0.729492   3.11843   5.69097   -39.7891
0.730469   2.60422   7.86984   -12.5666
0.731445   4.77076   -30.0558   -36.0768
0.732422   -1.67563   6.22663   -41.4311
0.733398   -0.636116   -12.8184   40.5201
0.734375   -1.53455   -7.9674   -36.326
0.735352   0.150972   -43.2195   67.0317
0.736328   -2.79113   -47.2053   -38.6226
0.737305   2.74838   -10.8847   -48.6397
0.738281   0.766145   -62.7165   26.4066
0.739258   1.49585   2.21758   -51.1177
0.740234   2.12589   -28.1492   -2.18323
0.741211   -2.2356   -11.707   15.0172
0.742188   0.187011   31.6712   92.6001
0.743164   -0.349902   -0.0463173   4.78417
0.744141   -2.11026   -94.4211   18.4436
0.745117   -4.19354   -9.83532   -69.7823
0.746094   0.556288   45.5393   88.5271
0.74707   2.79259   7.61198   84.5518
0.748047   0.706644   23.6345   -97.345
0.749023   -4.18065   80.7157   -21.0767
0.75   -2.7706   5.37233   30.1285
0.750977   -0.983863   11.8956   56.1512
0.751953   -3.80136   -6.74385   -54.8361
0.75293   -0.0762579   -61.1558   40.0794
0.753906   2.29393   41.0037   38.4186
0.754883   4.87824   85.7196   -132.115
0.755859   -3.32984   -6.45821   34.1977
0.756836   -2.34206   32.9782   -6.07708
0.757812   -4.61218   -34.5695   -3.12292
0.758789   0.231621   75.9911   9.01202
0.759766   1.95725   5.51337   76.4346
0.760742   -0.532818   10.0527   -19.5165
0.761719   -0.164931   -56.6806   78.8599
0.762695   -0.0104275   43.7056   -34.0274
0.763672   0.151373   -60.2658   30.7489
0.764648   1.77362   27.3074   85.1982
0.765625   2.03279   13.5617   514.702
0.766602   -0.203299   -57.7544   8.11394
0.767578   -3.26452   89.6908   42.4606
0.768555   1.96914   47.0963   -88.7021
0.769531   0.191544   11.7102   -17.1164
0.770508   -2.07467   34.8878   -39.4743
0.771484   3.70383   5.33891   -41.8762
0.772461   1.80163   -3.02262   -31.2056
0.773438   -1.41945   -23.9245   59.4722
0.774414   -4.35618   -93.0109   4.01357
0.775391   1.0062   3.17807   80.3289
0.776367   0.302405   85.6009   45.4136
0.777344   0.348434   -52.3168   -25.3462
0.77832   1.94572   -10.392   -15.1301
0.779297   0.13951   -28.8112   7.21461
0.780273   1.18444   -111.14   -60.4222
0.78125   3.14701   27.926   12.0914
0.782227   -0.95945   -0.173922   61.6798
0.783203   -5.52083   -46.9879   -8.3443
0.78418   -0.703145   4.36161   -43.6792
0.785156   4.31821   -1.72794   12.6431
0.786133   1.19506   18.8539   -38.8016
0.787109   -1.20938   6.4867   -6.28265
0.788086   4.57416   -11.6696   13.7158
0.789062   4.38861   80.024   17.9959
0.790039   -3.93108   -18.5427   -55.3711
0.791016   -2.41743   -20.5922   -21.714
0.791992   2.98834   -20.639   39.7076
0.792969   -2.18434   -11.3742   -44.0731
0.793945   -0.275139   -98.2954   24.7894
0.794922   1.0065   -52.6632   -20.6879
0.795898   -3.23116   -61.0667   -3.32039
0.796875   -2.36354   100.714   -2.70186
0.797852   -1.39246   32.3006   -36.7744
0.798828   -5.60094   47.7185   -59.0889
0.799805   0.217469   66.8609   33.0012
0.800781   0.980612   -48.8834   -28.127
0.801758   5.04207   -71.1437   -12.695
0.802734   1.00998   39.4044   -8.24877
0.803711   1.5253   -8.97792   -18.7242
0.804688   5.12913   40.6384   -20.9953
0.805664   0.491714   20.6477   50.2834
0.806641   3.3783   24.3865   42.0682
0.807617   0.572831   36.5798   -11.1959
0.808594   1.85615   29.7427   18.4154
0.80957   4.07836   7.83447   -20.2333
0.810547   -0.577078   -32.0797   9.04385
0.811523   -1.73671   -30.0234   -4.31032
0.8125   2.33524   -55.1345   -50.59
0.813477   0.274826   46.3091   9.76298
0.814453   -2.13337   -11.6074   33.19
0.81543   -0.586991   52.5901   -57.2552
0.816406   2.58758   -3.52489   -23.3034
0.817383   -0.193671   2.88791   68.9558
0.818359   3.52406   25.0281   -43.309
0.819336   -2.26044   -96.2827   44.8253
0.820312   1.3113   75.8105   -18.8055
0.821289   -1.60389   61.8522   -16.7355
0.822266   -2.40629   41.4738   8.81975
0.823242   -1.96013   -15.4556   -15.719
0.824219   -1.18206   -28.1301   -11.1784
0.825195   1.30524   26.4459   -43.2512
0.826172   2.74385   47.2434   -37.0981
0.827148   0.0237753   -22.6971   25.2001
0.828125   -4.06178   43.0158   -97.0559
0.829102   -2.44161   53.9758   -8.86943
0.830078   0.874994   29.0363   22.5063
0.831055   -0.692111   -53.8311   -114.997
0.832031   -2.47245   -32.9459   46.8015
0.833008   -2.38559   5.59377   -13.7709
0.833984   0.929872   70.053   33.7178
0.834961   0.342242   3.66306   48.4112
0.835938   1.35246   -40.7067   -39.9864
0.836914   -3.88286   32.6834   -27.0627
0.837891   -2.0407   12.3434   15.4076
0.838867   1.92557   6.15683   11.5548
0.839844   -3.35492   -51.6097   0.521557
0.84082   1.86164   67.3283   26.7093
0.841797   1.83127   47.6809   -36.7685
0.842773   1.90625   -2.87437   7.48562
0.84375   -0.972898   -25.1272   7.97748
0.844727   -0.42816   49.6299   -22.5926
0.845703   -1.76102   9.88378   -71.3477
0.84668   -2.36613   -38.178   -45.0878
0.847656   -0.904812   -81.6717   -61.9395
0.848633   -1.33471   29.3717   -12.1668
0.849609   1.58582   0.351192   47.5652
0.850586   2.97164   -20.6538   85.9515
0.851562   4.95195   -2.74068   -35.3142
0.852539   2.8571   27.6519   -17.6414
0.853516   -1.84841   -22.5688   -28.6355
0.854492   0.443529   26.4703   -81.7681
0.855469   1.69511   -79.3135   76.5965
0.856445   -1.3847   9.96669   -62.6702
0.857422   -0.22398   42.8888   64.5943
0.858398   1.63187   21.572   26.7655
0.859375   0.878356   48.7781   25.6318
0.860352   -2.13611   -48.1993   -44.386
0.861328   -4.34593   102.051   54.8565
0.862305   -2.06023   25.1843   -3.85426
0.863281   -0.753027   -31.4282   56.9555
0.864258   2.94217   -35.4507   91.637
0.865234   2.63101   -9.58369   46.9744
0.866211   -2.36868   58.5787   12.2823
0.867188   -1.84301   1.75671   -38.6866
0.868164   1.95995   -10.6311   -47.3055
0.869141   -5.49932   22.7281   62.5692
0.870117   -5.33647   1.00907   -21.8895
0.871094   -0.530673   -29.286   19.0682
0.87207   -1.49877   4.25426   35.9877
0.873047   -2.41377   -87.2585   31.1558
0.874023   1.62078   -77.7473   -8.63475
0.875   -1.5467   28.9833   -21.8922
0.875977   0.146088   51.3831   -11.1732
0.876953   1.02953   0.306408   -49.4374
0.87793   -4.38052   -16.1757   594.324
0.878906   3.27945   -3.77416   -1.6861
0.879883   3.97425   10.7748   3.78117
0.880859   0.753716   -0.626403   54.4171
0.881836   -1.65466   -37.364   70.7046
0.882812   0.000457429   -23.9476   5.89124
0.883789   2.40286   38.9719   -64.9362
0.884766   0.121667   -70.2047   -29.6505
0.885742   -2.5038   -38.8975   53.3452
0.886719   0.179987   -40.6583   -28.3157
0.887695   2.88487   117.932   18.8023
0.888672   4.20923   27.024   -40.5547
0.889648   6.1994   -2.95738   -26.5975
0.890625   -1.04467   7.50181   -18.2208
0.891602   1.32342   -72.4242   -20.984
0.892578   2.20371   22.7338   -4.83094
0.893555   -2.91171   42.9234   10.9509
0.894531   2.59213   61.6824   -19.5298
0.895508   0.359815   42.017   -38.6412
0.896484   -0.219693   -26.6606   -13.2331
0.897461   2.53645   -29.7639   19.066
0.898438   0.102406   14.0701   -44.9131
0.899414   0.00889703   -89.5947   99.6461
0.900391   -2.30308   77.5548   61.3277
0.901367   -0.660966   -16.7626   24.8385
0.902344   1.45513   -13.7099   16.332
0.90332   2.07109   -2.30481   47.288
0.904297   -0.508753   38.9113   24.2609
0.905273   1.20703   -32.3167   -79.3465
0.90625   1.05556   -36.2583   4.49979
0.907227   -4.62534   -26.5782   76.6942
0.908203   -4.17968   24.6388   54.9302
0.90918   1.45255   1.56424   -13.7142
0.910156   -5.3247   65.9483   18.0771
0.911133   -3.16278   -37.1004   -18.1296
0.912109   -1.14252   -21.6877   -18.0052
0.913086   -1.86772   29.3549   -4.56421
0.914062   2.10067   19.8544   82.2752
0.915039   -1.87883   15.1325   -24.4666
0.916016   -1.51135   39.4836   -40.9159
0.916992   -1.42286   -82.3087   -1.20546
0.917969   -0.83486   -20.4993   -35.6992
0.918945   -0.671106   -35.8509   -35.2717
0.919922   -1.32513   -5.76378   41.3771
0.920898   0.0254746   -77.8815   1.51428
0.921875   2.68205   48.9148   531.757
0.922852   2.1221   32.7293   6.99853
0.923828   -0.65475   63.8116   36.6917
0.924805   3.36807   -17.3203   19.7662
0.925781   -1.86315   24.7823   -64.7431
0.926758   3.96874   -29.6809   -33.0682
0.927734   2.40318   -47.0497   38.694
0.928711   -1.14309   37.5841   -29.2864
0.929688   0.481277   -5.44141   -20.2455
0.930664   5.56049   -23.7725   10.5804
0.931641   -1.14218   -26.4552   -1.82808
0.932617   -3.51877   26.4207   -27.9855
0.933594   -3.96908   -52.222   -49.782
0.93457   0.607391   49.9726   -18.8469
0.935547   -0.587744   94.8606   -24.0377
0.936523   1.35464   -96.7003   33.9631
0.9375   1.0646   36.9819   -15.7824
0.938477   1.00175   3.78038   -28.954
0.939453   0.0838409   2.3188   -74.3568
0.94043   1.11495   -17.3245   47.1771
0.941406   -1.52635   -42.3494   -24.0765
0.942383   -1.57677   -29.5292   59.3353
0.943359   -0.115608   -50.6277   -83.695
0.944336   0.737972   -56.2412   -68.6342
0.945312   -1.02735   49.356   34.0109
0.946289   -1.68023   -47.2774   -63.6718
0.947266   -1.2199   -23.8559   -37.197
0.948242   -4.46999   -52.8613   4.76992
0.949219   -5.01549   50.6508   -54.8415
0.950195   -1.72905   46.3707   24.4866
0.951172   0.344182   -3.88735   -9.79685
0.952148   -0.133696   -66.5167   -19.02
0.953125   0.278774   -25.2495   24.8976
0.954102   3.67108   23.927   -12.2685
0.955078   -0.0535165   -36.3167   -15.0181
0.956055   -1.12171   -91.6662   -7.11018
0.957031   0.504103   -114.178   39.4479
0.958008   -5.18287   -9.93723   -6.78633
0.958984   0.422532   -19.0569   -57.707
0.959961   1.00882   13.5637   110.041
0.960938   2.1155   15.3127   41.242
0.961914   -1.62313   -45.1553   -7.46648
0.962891   1.89234   -40.749   13.21
0.963867   6.09456   63.9409   21.6136
0.964844   -1.35338   -80.2781   42.8388
0.96582   2.56975   52.0482   54.7681
0.966797   1.1067   -10.1554   29.405
0.967773   -0.263764   38.4304   -15.7745
0.96875   0.797885   -4.33737   16.6345
0.969727   -0.129582   22.2715   -47.5862
0.970703   1.74066   -37.8914   -11.3567
0.97168   3.31863   1.51753   30.7449
0.972656   0.893165   65.7035   -27.739
0.973633   -3.39294   86.5501   44.9173
0.974609   -0.938987   -25.8241   52.7103
0.975586   1.43671   116.924   466.719
0.976562   -1.06032   -0.581831   16.8995
0.977539   0.358369   29.9313   39.0864
0.978516   1.49926   -27.9237   29.0859
0.979492   2.30932   46.4253   -50.6811
0.980469   -0.220151   -16.7655   17.3248
0.981445   1.97396   15.7245   -13.5714
0.982422   -5.86418   28.1616   18.2478
0.983398   -4.70436   -46.7489   3.83672
0.984375   0.173733   -12.1903   43.0541
0.985352   1.7726   20.7569   32.6544
0.986328   -9.84326   10.6757   -1.9697
0.987305   1.67456   -51.8854   -0.427693
0.988281   2.04316   -61.5424   33.4742
0.989258   -1.79884   37.6133   -63.4943
0.990234   -6.0926   68.8609   -18.7378
0.991211   0.43908   -41.5034   6.94535
0.992188   1.16412   -16.9979   37.0832
0.993164   -0.0730563   45.7563   -7.63217
0.994141   2.14959   -37.0712   -58.4507
0.995117   2.24488   -36.5028   13.0342
0.996094   -6.79586   -16.4976   28.7471
0.99707   -0.150771   5.24905   41.6502
0.998047   -2.8571   -4.89473   6.5946
0.999023   -3.14787   -17.5212   -19.465
