0   0   -8.67368e-13   0
0.000976562   3.24853   4.90712e-13   -2.3803e-13
0.00195312   1.66547   9.99751e-14   -5.22027e-13
0.00292969   0.761448   1.03015e-12   5.9075e-13
0.00390625   2.18305   -5.13457e-13   5.91757e-14
0.00488281   1.33414   4.34408e-13   -2.87104e-13
0.00585938   -0.271999   5.55883e-13   5.5468e-13
0.00683594   -0.155287   -3.90098e-13   1.71863e-13
0.0078125   -0.37642   1.03954e-13   -3.12869e-13
0.00878906   0.247019   3.47964e-13   -3.05352e-13
0.00976562   2.29365   2.98238e-13   8.27897e-14
0.0107422   1.25067   4.26066e-13   -3.50687e-14
0.0117188   -1.05668   1.12775e-13   1.9972e-13
0.0126953   0.774516   1.89338e-12   -7.38403e-13
0.0136719   2.34494   2.75835e-13   2.80133e-12
0.0146484   -0.00193976   -1.73234e-12   2.74798e-13
0.015625   -0.127288   4.59515e-13   1.42109e-14
0.0166016   2.73953   -7.11681e-13   2.81411e-13
0.0175781   2.62222   9.68698e-14   3.92183e-13
0.0185547   0.691936   -4.84123e-13   1.44645e-13
0.0195312   -0.0555186   -2.60256e-13   -2.89651e-13
0.0205078   -1.46351   -3.50942e-13   -3.27884e-13
0.0214844   -2.29339   1.14601e-14   3.45572e-13
0.0224609   -1.17965   7.26372e-14   8.45248e-14
0.0234375   -1.68431   -2.59297e-13   -2.45863e-13
0.0244141   -2.31368   2.70126e-14   -512
0.0253906   0.876892   1.82109e-13   -5.54289e-13
0.0263672   2.57292   4.64607e-13   8.21565e-14
0.0273438   -0.533288   -5.51543e-13   3.38381e-13
0.0283203   -1.65288   9.73448e-14   -3.93907e-13
0.0292969   0.1722   1.35541e-12   3.82048e-13
0.0302734   -0.734608   -6.91468e-13   6.62451e-13
0.03125   -2.36783   4.54798e-13   -3.46848e-14
0.0322266   -1.415   -3.03638e-13   1.90132e-13
0.0332031   -0.837307   4.35073e-13   6.14648e-13
0.0341797   -0.834857   -1.02694e-12   9.16594e-13
0.0351562   -0.165894   -6.67845e-13   1.64463e-13
0.0361328   -1.51512   1.18446e-13   -1.19275e-13
0.0371094   -2.88295   -2.29104e-13   -1.15876e-12
0.0380859   -0.248986   -1.76337e-12   1.19371e-12
0.0390625   1.53747   -4.58406e-14   -2.46451e-12
0.0400391   -0.289157   1.40797e-12   7.45532e-13
0.0410156   0.541721   6.94168e-13   -1.29625e-12
0.0419922   3.5423   -4.05933e-13   7.79729e-13
0.0429688   2.26132   -2.65336e-13   -5.53547e-13
0.0439453   -0.599412   8.6277e-13   1.24165e-14
0.0449219   -0.689938   -4.24888e-13   1.35406e-13
0.0458984   -0.720393   8.1552e-13   7.90429e-13
0.046875   -0.886274   -9.82768e-13   -6.21725e-13
0.0478516   0.487493   2.87929e-13   8.10829e-13
0.0488281   0.732862   -1.20507e-12   3.9121e-13
0.0498047   0.673275   2.1255e-12   5.3098e-13
0.0507812   3.09209   -4.40552e-12   -1.73514e-12
0.0517578   3.33919   1.49623e-12   -1.18584e-12
0.0527344   -0.130673   3.74061e-12   -7.15617e-13
0.0537109   -0.30448   -3.39223e-12   6.2448e-13
0.0546875   2.28661   1.34179e-12   -4.73729e-13
0.0556641   1.21903   3.3151e-13   6.90673e-13
0.0566406   -0.603163   6.90035e-13   -1.20415e-12
0.0576172   0.611287   -3.40603e-13   1.01252e-12
0.0585938   0.837842   -4.40478e-13   6.28644e-13
0.0595703   -0.635462   -1.30454e-12   -9.01321e-13
0.0605469   -1.09017   4.87073e-13   -2.38991e-12
0.0615234   -1.94929   1.96038e-12   -5.94088e-13
0.0625   -2.23044   1.35606e-12   8.59647e-13
0.0634766   0.516926   -1.32117e-13   4.29514e-13
0.0644531   1.67675   1.10846e-12   -5.52824e-13
0.0654297   -0.452718   1.02967e-12   8.90585e-13
0.0664062   0.152973   -1.43639e-13   4.45237e-13
0.0673828   2.05387   2.94255e-13   -3.44613e-13
0.0683594   -0.701947   1.10658e-12   6.90996e-13
0.0693359   -3.76646   1.58376e-13   7.15603e-13
0.0703125   -2.57983   -4.78918e-13   9.08602e-13
0.0712891   -1.5593   5.8233e-13   -3.64713e-13
0.0722656   -1.87586   1.15674e-12   2.03689e-13
0.0732422   -0.856363   -8.99091e-13   5.31932e-13
0.0742188   -0.420091   1.954e-12   8.85395e-13
0.0751953   -0.627536   -6.05803e-13   1.89678e-12
0.0761719   0.799236   -1.5713e-12   -6.66319e-14
0.0771484   0.513839   1.71745e-12   1.58141e-12
0.078125   -1.91986   -5.8313e-12   -512
0.0791016   -0.503496   1.44991e-12   -1.91806e-12
0.0800781   2.59725   4.62162e-13   -4.51549e-13
0.0810547   1.08893   1.29468e-12   4.55793e-13
0.0820312   -0.838036   -1.02932e-13   1.03952e-13
0.0830078   0.712968   4.15214e-13   3.32193e-15
0.0839844   0.727273   -1.50871e-13   2.45511e-13
0.0849609   -1.3017   5.64051e-13   1.38755e-13
0.0859375   -1.18225   5.86926e-13   6.29609e-13
0.0869141   -0.237713   -1.35405e-13   1.35521e-13
0.0878906   0.691357   -5.94791e-13   5.25769e-13
0.0888672   3.08722   -2.23761e-13   1.42083e-13
0.0898438   3.4829   5.5621e-13   3.7609e-14
0.0908203   1.19985   -1.5672e-13   -1.55484e-13
0.0917969   1.64231   1.88939e-13   5.64597e-13
0.0927734   2.7887   4.06424e-13   -8.84846e-13
0.09375   -0.344406   -1.81811e-13   1.26641e-12
0.0947266   -2.41944   -1.06053e-12   -5.06067e-13
0.0957031   0.163078   2.15085e-12   -2.80029e-12
0.0966797   1.25322   2.5341e-12   2.86938e-12
0.0976562   -0.214815   1.20046e-12   1.1435e-12
0.0986328   -0.00219173   -2.74933e-12   4.13526e-12
0.0996094   0.311042   -1.12393e-12   -2.43442e-12
0.100586   -0.389415   9.83853e-13   6.55821e-13
0.101562   0.180622   -5.65125e-13   1.31293e-12
0.102539   -0.026069   -6.83031e-13   -1.52887e-12
0.103516   -1.37145   1.516e-12   1.77264e-12
0.104492   0.46407   -8.27767e-13   4.93674e-13
0.105469   2.44884   -1.72655e-12   1.4691e-12
0.106445   -0.486032   6.74508e-13   -1.78548e-12
0.107422   -2.86821   2.0636e-13   1.11082e-12
0.108398   -1.26817   -5.20207e-13   9.54702e-13
0.109375   -1.58682   -6.849e-13   2.27374e-13
0.110352   -3.74222   1.36217e-13   3.59403e-13
0.111328   -2.60178   -8.84675e-13   1.53354e-12
0.112305   -0.383707   -1.89793e-12   -8.57859e-13
0.113281   0.36712   1.61832e-13   -2.43772e-12
0.114258   1.38423   2.1886e-12   -5.2407e-13
0.115234   0.987753   1.44896e-12   1.98743e-12
0.116211   -1.02308   5.64204e-13   1.30739e-12
0.117188   -0.330652   1.11492e-13   1.19894e-12
0.118164   0.771388   8.40961e-14   1.43614e-12
0.119141   -1.69314   4.95146e-13   1.61369e-12
0.120117   -2.26056   5.47395e-13   2.83058e-12
0.121094   1.17532   8.92358e-13   7.27953e-12
0.12207   1.57588   -2.03944e-11   -512
0.123047   -0.883538   3.51267e-13   -6.855e-12
0.124023   -0.483385   1.12857e-12   -3.48145e-12
0.125   0.707107   1.74007e-13   -1.83242e-12
0.125977   0.361892   8.31361e-13   -1.9973e-12
0.126953   1.12022   4.80789e-13   -9.41399e-13
0.12793   1.88578   3.81443e-13   -8.52651e-13
0.128906   1.56441   6.94618e-13   -1.11186e-12
0.129883   2.99256   2.50076e-12   -3.45401e-14
0.130859   3.50541   5.24023e-13   2.58881e-12
0.131836   -0.153098   -2.11768e-12   8.37301e-13
0.132812   -1.96365   -1.53824e-12   -7.93807e-13
0.133789   0.303746   1.29988e-13   -9.05529e-13
0.134766   0.0607553   1.50468e-13   3.55364e-13
0.135742   -1.82393   -4.80995e-13   -9.36132e-13
0.136719   0.126574   2.29501e-14   -3.36556e-13
0.137695   2.4254   -6.74775e-13   5.23609e-13
0.138672   1.69827   -9.94872e-13   -2.28637e-12
0.139648   1.04428   2.79112e-13   -6.57293e-13
0.140625   0.387526   7.21875e-13   -1.32241e-12
0.141602   -1.02684   3.36525e-13   5.63536e-13
0.142578   -0.280901   7.5419e-13   -5.49478e-13
0.143555   0.497801   5.99871e-14   -1.00409e-12
0.144531   -1.72546   9.78048e-14   7.64955e-13
0.145508   -1.94027   -1.47883e-13   -4.02446e-13
0.146484   0.708572   5.97836e-13   -1.04735e-12
0.147461   -0.525368   8.58292e-13   5.64547e-13
0.148438   -3.71993   2.42855e-13   3.76214e-13
0.149414   -2.5554   -1.56736e-13   2.01682e-13
0.150391   -0.485033   -4.92477e-14   -3.97588e-13
0.151367   -0.844109   1.07583e-13   1.66984e-13
0.152344   -0.198649   -4.98322e-14   1.55477e-13
0.15332   0.990769   5.92864e-13   3.27763e-13
0.154297   0.613252   7.22544e-13   5.01953e-14
0.155273   0.800857   -3.30682e-13   -5.06526e-13
0.15625   0.230125   -1.50859e-12   1.17095e-12
0.157227   -2.8746   -6.90658e-13   -2.19005e-12
0.158203   -3.15635   1.92602e-12   2.75176e-13
0.15918   0.00952948   7.12152e-13   -2.86985e-13
0.160156   -0.0805625   -3.68328e-13   -6.20698e-13
0.161133   -1.5615   -2.55077e-13   4.76752e-13
0.162109   0.964954   5.77872e-13   -2.9259e-13
0.163086   2.90708   3.05449e-13   -3.2186e-14
0.164062   1.05686   4.19942e-13   -5.60966e-14
0.165039   0.225832   7.79668e-13   5.57272e-13
0.166016   0.920279   3.57322e-13   -4.73059e-13
0.166992   0.822807   1.02921e-13   5.79208e-13
0.167969   1.69655   -4.38753e-15   -1.50969e-13
0.168945   2.25367   1.80755e-12   2.87465e-13
0.169922   0.302829   5.01401e-13   1.976e-12
0.170898   0.10031   -1.36212e-12   6.86562e-13
0.171875   1.82797   -6.27734e-13   -7.38964e-13
0.172852   -0.18311   9.02769e-15   7.66658e-13
0.173828   -2.70199   -7.59681e-13   -5.26005e-13
0.174805   -0.0783399   -1.66808e-13   -4.0894e-13
0.175781   2.47508   4.2948e-13   -8.79335e-13
0.176758   1.39127   3.06873e-12   -6.74271e-13
0.177734   1.39025   1.00336e-13   -3.23101e-13
0.178711   2.33389   4.70125e-12   -1.83653e-13
0.179688   1.11056   -1.14008e-12   9.68476e-12
0.180664   -0.0792256   -6.08613e-12   -2.13557e-12
0.181641   -0.987639   1.81679e-12   3.54329e-14
0.182617   -2.95353   -2.52451e-13   4.76939e-13
0.183594   -2.25996   -4.69941e-13   -3.22982e-13
0.18457   0.506146   -1.50728e-12   6.14619e-13
0.185547   -0.529078   1.23754e-13   4.08779e-13
0.186523   -2.40399   -5.72809e-13   7.9263e-13
0.1875   -0.158513   -5.3602e-13   -1.46691e-13
0.188477   0.857929   -5.73151e-13   1.76482e-13
0.189453   -1.7776   -8.01834e-13   2.22214e-13
0.19043   -1.99498   -1.01718e-12   -7.93919e-13
0.191406   0.0796587   -2.47252e-13   5.49525e-13
0.192383   0.290939   -1.28379e-12   -7.10543e-13
0.193359   0.217433   -7.07901e-13   2.64778e-13
0.194336   0.102239   6.90042e-13   6.49488e-13
0.195312   -1.7184   -2.24093e-12   7.05682e-13
0.196289   -1.97118   -3.59445e-12   -2.3208e-12
0.197266   -0.638803   -2.10835e-14   -5.17895e-12
0.198242   -2.16789   4.04874e-12   -2.57495e-12
0.199219   -3.00448   2.46938e-12   1.00245e-12
0.200195   0.948781   -2.46986e-13   5.28933e-14
0.201172   3.24789   1.06613e-12   6.28944e-13
0.202148   1.21226   1.21859e-12   1.42565e-12
0.203125   1.00777   1.08726e-12   -1.53477e-12
0.204102   2.27023   1.26249e-12   2.60072e-12
0.205078   0.917152   -5.25497e-13   -3.97153e-13
0.206055   -0.347198   -6.81716e-13   6.73178e-13
0.207031   -0.127177   1.77714e-13   6.21679e-13
0.208008   -0.427495   1.33568e-12   3.14611e-13
0.208984   0.660292   -3.97514e-14   5.30379e-13
0.209961   2.43817   3.58163e-13   1.18804e-14
0.210938   0.652804   6.48773e-13   2.22264e-13
0.211914   -1.04054   8.83984e-13   8.70751e-13
0.212891   1.37682   -1.29343e-13   1.14515e-12
0.213867   2.07967   -4.73079e-13   7.62292e-13
0.214844   -0.416128   -4.17325e-13   1.47835e-12
0.21582   0.403847   2.57183e-13   -1.39672e-13
0.216797   3.06152   9.01185e-13   2.65386e-14
0.217773   2.21264   6.62195e-13   1.6483e-13
0.21875   0.47099   2.90594e-13   2.58688e-12
0.219727   -0.236194   2.28187e-13   2.66617e-13
0.220703   -1.79595   -4.84418e-13   1.22886e-12
0.22168   -2.14657   -3.34967e-13   1.4319e-12
0.222656   -1.05932   -1.14221e-14   1.23195e-12
0.223633   -1.99823   -4.062e-14   9.44191e-13
0.224609   -1.95246   2.24391e-13   1.64806e-12
0.225586   1.60739   1.3692e-14   1.12976e-12
0.226562   2.20143   1.4951e-13   8.79304e-13
0.227539   -1.13995   8.82733e-14   2.39766e-12
0.228516   -1.32784   2.9908e-13   1.92503e-12
0.229492   0.294595   -1.27884e-13   2.92481e-12
0.230469   -1.19953   -1.97685e-13   3.72391e-12
0.231445   -2.3453   4.12808e-13   4.08291e-12
0.232422   -1.16661   1.97979e-13   6.65246e-12
0.233398   -0.88282   -1.67007e-13   1.38427e-11
0.234375   -0.697991   -4.40733e-11   -512
0.235352   -0.210167   3.24721e-13   -1.40569e-11
0.236328   -1.98813   2.05394e-13   -6.76468e-12
0.237305   -2.65368   8.97572e-14   -5.0037e-12
0.238281   0.424043   1.53679e-13   -2.9281e-12
0.239258   1.32269   -5.50693e-13   -3.08217e-12
0.240234   -0.518477   2.13409e-13   -3.14782e-12
0.241211   1.20933   4.33083e-13   -2.24654e-12
0.242188   3.71031   8.32964e-14   -1.78439e-12
0.243164   1.5797   8.56984e-14   -1.73129e-12
0.244141   -0.821104   -1.42489e-14   -2.01992e-12
0.245117   -0.593911   -7.77261e-14   -5.25802e-13
0.246094   -0.843312   1.62256e-13   -1.70944e-12
0.24707   -0.694075   3.20888e-13   -1.49623e-12
0.248047   0.71269   7.54716e-14   -7.16596e-13
0.249023   0.595842   -1.94048e-13   -1.1385e-12
0.25   1   4.87215e-13   -1.804e-12
0.250977   3.52901   -1.61534e-13   -4.13512e-13
0.251953   2.76581   1.28483e-13   -1.58545e-12
0.25293   -0.617586   6.03829e-13   -5.62328e-13
0.253906   0.23908   -4.84789e-13   -4.47682e-13
0.254883   2.43872   -5.95878e-13   -1.37779e-12
0.255859   0.680218   3.20907e-13   -1.45089e-12
0.256836   -0.546894   5.26058e-13   -1.0143e-12
0.257812   0.881884   6.53636e-14   -1.27511e-13
0.258789   0.564239   -1.24647e-14   -6.36295e-13
0.259766   -0.817108   1.00555e-12   -8.24914e-13
0.260742   -1.16613   -4.31668e-13   -1.30567e-12
0.261719   -2.18908   2.91652e-13   -4.11606e-13
0.262695   -1.87708   1.07497e-12   -1.21608e-12
0.263672   1.08458   -4.42839e-13   -3.40972e-13
0.264648   1.35764   3.64857e-13   -3.35793e-13
0.265625   -0.697991   1.18455e-13   -5.68434e-13
0.266602   0.684988   4.393e-13   -8.13619e-13
0.267578   1.9061   -3.7521e-14   -3.7549e-13
0.268555   -1.5687   8.2794e-13   -4.23414e-13
0.269531   -3.81265   3.80701e-13   -5.89303e-13
0.270508   -2.19422   3.99184e-13   -1.26893e-12
0.271484   -1.62647   4.12374e-13   3.72212e-13
0.272461   -1.78504   -1.60244e-13   -4.5507e-13
0.273438   -0.627002   1.48409e-13   -9.47073e-13
0.274414   -0.5192   1.31596e-13   -1.08358e-13
0.275391   -0.451141   2.23352e-13   -7.90029e-13
0.276367   1.0344   1.29319e-13   1.49214e-13
0.277344   0.0230766   3.49946e-13   -3.21759e-13
0.27832   -2.07008   -2.40607e-13   -1.04805e-13
0.279297   0.257167   -3.29472e-13   -1.24165e-12
0.280273   2.69697   2.31001e-13   -3.93006e-13
0.28125   0.47099   -4.51664e-13   -5.99584e-13
0.282227   -0.720525   -2.86159e-13   -2.45972e-13
0.283203   1.0084   5.52076e-13   -4.21147e-13
0.28418   0.327359   9.15468e-13   -2.23762e-12
0.285156   -1.49852   4.40819e-13   8.35837e-13
0.286133   -0.95296   1.84994e-13   -9.78567e-13
0.287109   -0.1245   7.35663e-13   -2.37273e-13
0.288086   1.08605   2.32874e-15   8.52651e-14
0.289062   3.48123   5.42764e-13   -1.55914e-12
0.290039   3.08326   8.25893e-13   -4.4141e-14
0.291016   0.958923   3.24437e-13   3.51587e-15
0.291992   2.06132   -9.45325e-14   -3.11625e-13
0.292969   2.48595   -8.65552e-14   -3.44731e-13
0.293945   -1.1238   1.16376e-13   -3.54039e-13
0.294922   -2.15556   4.78837e-13   -2.71919e-13
0.295898   0.702424   2.49837e-13   -5.49867e-13
0.296875   1.00777   9.72567e-14   -5.25802e-13
0.297852   -0.355552   1.56589e-13   -5.86105e-13
0.298828   0.175176   6.45376e-13   -8.71879e-13
0.299805   0.172178   2.39201e-13   -4.27951e-13
0.300781   -0.391355   -3.29044e-14   -9.39058e-13
0.301758   0.320928   5.85164e-13   -8.03886e-13
0.302734   -0.340171   5.47242e-13   -3.86145e-13
0.303711   -1.32609   8.86335e-13   -9.7092e-13
0.304688   1.11003   2.53262e-13   -1.00949e-12
0.305664   2.22883   1.07258e-12   -1.15601e-12
0.306641   -1.28389   3.7937e-13   -2.49904e-12
0.307617   -2.74169   9.28725e-12   -512
0.308594   -1.00273   -1.59796e-13   5.22433e-12
0.30957   -2.07147   -2.14561e-12   8.36576e-13
0.310547   -3.83071   -1.58321e-13   5.4723e-13
0.311523   -2.07523   -6.31829e-13   1.1816e-12
0.3125   -0.158513   -1.27888e-13   -1.22684e-12
0.313477   0.529173   2.59061e-13   6.76958e-13
0.314453   1.52404   6.66817e-13   2.25602e-13
0.31543   0.582635   3.40225e-13   5.43603e-13
0.316406   -1.17757   1.33012e-13   -8.19062e-13
0.317383   0.0790961   2.7036e-13   -2.84217e-13
0.318359   0.513682   -1.25393e-13   4.08652e-13
0.319336   -2.20582   1.24718e-14   -2.38205e-13
0.320312   -1.71787   8.10887e-13   -1.525e-13
0.321289   1.6888   -6.42482e-14   2.00893e-13
0.322266   1.09162   1.61495e-13   -8.31448e-13
0.323242   -1.09754   4.50131e-13   2.65276e-13
0.324219   -0.138046   -3.06253e-13   5.21449e-13
0.325195   0.698264   -1.67925e-13   -1.73567e-13
0.326172   0.37072   1.17146e-12   1.93669e-13
0.327148   1.3847   6.75849e-13   5.62635e-13
0.328125   1.82797   1.77812e-13   -1.53477e-12
0.329102   1.66812   1.34718e-12   -6.38264e-13
0.330078   3.37554   1.4055e-12   2.94598e-13
0.331055   3.03027   -1.22355e-12   2.1138e-12
0.332031   -0.916574   2.64813e-12   -3.09442e-12
0.333008   -1.66601   5.13012e-12   1.86606e-12
0.333984   0.621647   -3.73026e-13   5.62212e-12
0.334961   -0.419262   -3.72538e-12   2.54851e-12
0.335938   -1.77157   -2.53565e-12   -1.33532e-12
0.336914   0.780491   4.45055e-13   -2.61203e-13
0.337891   2.46628   -4.75959e-13   4.15183e-13
0.338867   1.47113   -7.05109e-13   -1.80346e-13
0.339844   1.00183   -1.50101e-13   -1.78292e-13
0.34082   0.0860183   1.92396e-13   -1.33082e-13
0.341797   -1.10323   -6.84825e-13   4.48261e-14
0.342773   0.0585656   -1.75721e-13   -1.63354e-13
0.34375   0.230125   3.4228e-13   3.19312e-13
0.344727   -2.13231   -3.37215e-13   3.17884e-14
0.345703   -1.43987   2.04371e-13   -2.91194e-13
0.34668   0.91428   3.80978e-13   3.11982e-13
0.347656   -1.28104   -1.27672e-13   -2.68305e-13
0.348633   -3.87674   1.82392e-13   4.58842e-13
0.349609   -1.98635   2.26486e-13   5.46478e-13
0.350586   -0.428814   -5.33564e-13   1.87468e-13
0.351562   -0.891503   -6.65405e-13   -9.81638e-14
0.352539   0.119726   7.82501e-13   -3.65833e-13
0.353516   1.0072   5.32779e-13   -1.70823e-14
0.354492   0.548548   -9.53603e-13   2.46874e-12
0.355469   0.88767   2.93411e-13   -1.13819e-12
0.356445   -0.278802   -6.76554e-13   1.13131e-12
0.357422   -3.35361   -8.17362e-13   -7.38541e-13
0.358398   -2.59465   3.07195e-13   -2.55024e-13
0.359375   0.387526   -6.20951e-13   8.81073e-13
0.360352   -0.523531   -9.04433e-13   -4.21174e-13
0.361328   -1.37444   2.16624e-13   -3.67621e-13
0.362305   1.6488   -3.57998e-13   7.19423e-13
0.363281   2.7397   -1.26013e-12   8.18868e-14
0.364258   0.664884   2.83737e-13   -1.16763e-12
0.365234   0.359387   -2.95805e-13   9.62214e-13
0.366211   0.948841   -1.02614e-12   6.77601e-13
0.367188   0.864775   -3.18047e-13   -1.43254e-12
0.368164   1.97349   -2.34039e-13   1.93614e-13
0.369141   2.00408   -1.56043e-12   1.48095e-12
0.370117   -0.0400725   -1.74878e-12   -4.08869e-12
0.371094   0.482023   -8.58047e-14   3.78129e-13
0.37207   1.80929   1.57563e-12   -3.97549e-12
0.373047   -0.932895   1.59211e-12   1.71791e-12
0.374023   -2.57127   3.07507e-14   1.42452e-13
0.375   0.707107   -1.03742e-13   -9.79771e-13
0.375977   2.44978   3.42515e-13   6.3423e-14
0.376953   1.16958   4.52612e-13   -4.63161e-13
0.37793   1.65237   -1.01355e-13   0
0.378906   2.25771   4.74825e-13   -4.05938e-13
0.379883   0.772072   5.2886e-13   -3.33086e-13
0.380859   -0.19182   -9.83385e-15   2.79098e-13
0.381836   -1.3552   6.55281e-14   4.10224e-13
0.382812   -3.15908   -9.67985e-14   2.74244e-14
0.383789   -1.66818   7.43633e-15   -3.13504e-15
0.384766   0.689121   1.61556e-13   -1.90077e-13
0.385742   -1.10459   1.69619e-13   2.88323e-13
0.386719   -2.24601   -3.52472e-13   -3.72018e-13
0.387695   0.392897   4.49077e-13   -3.8057e-13
0.388672   0.470929   -3.47655e-13   3.72968e-13
0.389648   -2.17442   -4.72897e-13   -2.41118e-13
0.390625   -1.58682   2.08264e-13   -2.54576e-13
0.391602   0.299639   -8.34067e-13   -2.87702e-13
0.392578   0.204503   3.33588e-13   -1.38235e-12
0.393555   0.290572   9.66194e-13   -3.60445e-13
0.394531   -0.164284   5.01796e-13   -3.9518e-14
0.395508   -2.02474   -1.56899e-13   -1.3002e-13
0.396484   -1.67008   8.04085e-13   2.30277e-13
0.397461   -0.671163   9.23649e-13   1.32705e-13
0.398438   -2.64781   -2.94091e-13   5.21545e-13
0.399414   -2.51601   -1.89629e-13   -1.72681e-13
0.400391   1.81236   3.67583e-13   3.01073e-13
0.401367   3.03044   -6.17113e-13   9.01109e-13
0.402344   0.867577   -1.80132e-13   -5.9359e-13
0.40332   1.32971   1.80218e-13   -4.68592e-13
0.404297   2.2162   -1.25856e-13   -2.02532e-13
0.405273   0.513723   -1.30172e-13   -2.14858e-13
0.40625   -0.344406   -1.20174e-14   -3.18109e-13
0.407227   -0.144458   7.16806e-13   1.9459e-13
0.408203   -0.41081   -1.06879e-13   5.618e-14
0.40918   1.12336   4.39451e-13   -1.46593e-14
0.410156   2.40051   -3.38032e-13   1.60664e-13
0.411133   0.0545955   4.06374e-13   -3.32005e-13
0.412109   -0.809964   -7.75882e-13   1.40475e-12
0.413086   1.88888   -2.40068e-13   -5.29699e-13
0.414062   1.64618   7.30085e-13   9.30685e-14
0.415039   -0.656602   -1.00741e-12   2.14455e-13
0.416016   1.0259   1.09655e-13   -4.35525e-14
0.416992   3.20178   -3.34073e-13   2.51914e-13
0.417969   1.77509   -5.01665e-13   -1.8747e-13
0.418945   0.312323   -4.15845e-13   1.27536e-13
0.419922   -0.475462   -1.32354e-14   -3.99724e-13
0.420898   -2.0713   -1.39305e-13   7.28762e-15
0.421875   -1.91986   -4.64309e-13   -7.95808e-13
0.422852   -1.05397   -1.28609e-13   1.79418e-14
0.423828   -2.27348   2.71453e-13   -4.27556e-13
0.424805   -1.40414   -4.74125e-13   7.46959e-13
0.425781   2.19303   -3.89692e-13   -1.60673e-13
0.426758   1.63245   -1.27817e-13   1.03739e-13
0.427734   -1.57722   -1.59143e-13   -5.05271e-14
0.428711   -0.914205   -8.95599e-13   2.08829e-13
0.429688   0.248594   -7.3774e-13   -8.38606e-14
0.430664   -1.63987   -1.48878e-13   5.97034e-14
0.431641   -2.20327   -7.35194e-13   -4.71708e-13
0.432617   -0.97876   -1.8984e-12   2.90666e-13
0.433594   -0.92942   -1.53607e-12   5.27872e-13
0.43457   -0.529207   -4.88235e-12   -1.7053e-13
0.435547   -0.376365   -4.23693e-12   -1.11386e-11
0.436523   -2.41624   6.54451e-12   -2.7787e-12
0.4375   -2.23044   4.27296e-12   -1.33605e-12
0.438477   0.983875   6.8868e-13   -7.19526e-14
0.439453   0.962949   2.07187e-12   2.76622e-13
0.44043   -0.558973   1.60475e-12   3.26619e-13
0.441406   1.92023   7.18268e-13   -3.30846e-13
0.442383   3.64392   6.37817e-13   -1.88294e-13
0.443359   0.898158   5.18692e-13   4.04622e-13
0.444336   -0.907561   4.37453e-13   3.16983e-13
0.445312   -0.541815   2.72311e-13   -9.39673e-13
0.446289   -0.949574   1.10002e-12   5.56747e-14
0.447266   -0.429304   1.11934e-12   4.22187e-13
0.448242   0.850376   -2.22017e-13   -4.00099e-13
0.449219   0.47896   3.00289e-13   -5.20249e-14
0.450195   1.44988   7.61523e-13   -8.38155e-13
0.451172   3.80557   9.82076e-13   6.12582e-13
0.452148   2.0553   3.92944e-13   -8.69071e-14
0.453125   -0.886274   3.64681e-13   1.42109e-13
0.454102   0.847415   2.08148e-13   -1.18226e-13
0.455078   2.38277   5.97487e-13   1.43216e-13
0.456055   0.177191   1.64755e-13   2.61658e-13
0.457031   -0.351806   8.76074e-13   -8.45385e-14
0.458008   1.05348   -1.15424e-12   -2.65136e-13
0.458984   0.24309   1.99999e-12   -3.5104e-13
0.459961   -0.934251   9.92189e-13   6.19211e-13
0.460938   -1.29096   -1.32668e-12   5.84226e-13
0.461914   -2.37558   5.56129e-13   -3.61795e-13
0.462891   -1.38163   1.31966e-13   -8.1879e-13
0.463867   1.5175   6.35364e-13   -3.16893e-13
0.464844   0.916498   -2.71034e-14   2.33276e-13
0.46582   -0.758369   1.44492e-12   -1.03957e-12
0.466797   1.21581   8.23482e-13   7.71407e-13
0.467773   1.51816   4.93419e-13   -2.2222e-13
0.46875   -2.36783   6.2716e-13   -2.87626e-13
0.469727   -3.66777   1.98563e-12   5.95046e-13
0.470703   -1.88092   7.16707e-13   2.00709e-12
0.47168   -1.72937   -2.11554e-12   8.23817e-13
0.472656   -1.61568   -4.46082e-13   -2.50535e-13
0.473633   -0.459707   6.78389e-13   -9.13989e-13
0.474609   -0.624429   -1.91703e-13   6.48174e-13
0.475586   -0.187094   1.16721e-13   1.42109e-14
0.476562   1.14411   3.4224e-13   2.76687e-14
0.477539   -0.53456   -9.7976e-14   -3.79941e-13
0.478516   -1.99476   1.92231e-13   2.60482e-14
0.479492   1.02531   3.63535e-13   1.36633e-14
0.480469   2.55761   3.82527e-13   1.71972e-13
0.481445   -0.0846672   -3.6565e-14   -7.28991e-13
0.482422   -0.450489   1.2963e-12   -3.57498e-13
0.483398   1.17172   1.61221e-13   3.33647e-13
0.484375   -0.127288   -2.15059e-13   7.03437e-13
0.485352   -1.56975   1.21027e-12   -1.47744e-13
0.486328   -0.727768   -6.33068e-14   5.88321e-13
0.487305   -0.00208766   3.03771e-13   7.03698e-13
0.488281   1.55645   7.59423e-14   -6.1577e-13
0.489258   3.73948   -4.05003e-13   -3.35656e-13
0.490234   2.59228   3.90757e-13   1.25705e-12
0.491211   0.892113   2.0913e-12   -6.29468e-13
0.492188   2.45201   -3.63065e-13   2.21036e-12
0.493164   1.9713   -1.32945e-12   -7.03094e-13
0.494141   -1.77332   9.91013e-14   9.36855e-13
0.495117   -1.69849   -2.19835e-13   4.51195e-13
0.496094   1.10066   -1.34602e-13   -3.42616e-13
0.49707   0.684959   -4.28014e-13   -3.56023e-13
0.498047   -0.387647   1.27133e-13   -8.18061e-14
0.499023   0.315371   2.66819e-14   1.5687e-13
0.5   -7.10605e-14   7.60996e-14   0
0.500977   -0.315371   2.66819e-14   -1.5687e-13
0.501953   0.387647   1.27133e-13   8.18061e-14
0.50293   -0.684959   -4.19353e-13   3.34954e-13
0.503906   -1.10066   -1.34602e-13   3.42616e-13
0.504883   1.69849   -1.97975e-13   -4.36318e-13
0.505859   1.77332   9.91013e-14   -9.36855e-13
0.506836   -1.9713   -1.344e-12   7.03881e-13
0.507812   -2.45201   -3.63065e-13   -2.21036e-12
0.508789   -0.892113   2.0913e-12   6.29468e-13
0.509766   -2.59228   3.90757e-13   -1.25705e-12
0.510742   -3.73948   -4.05003e-13   3.35656e-13
0.511719   -1.55645   7.59423e-14   6.1577e-13
0.512695   0.00208766   3.03771e-13   -7.03698e-13
0.513672   0.727768   -6.33068e-14   -5.88321e-13
0.514648   1.56975   1.21027e-12   1.47744e-13
0.515625   0.127288   -2.22606e-13   -7.24754e-13
0.516602   -1.17172   1.61221e-13   -3.33647e-13
0.517578   0.450489   1.2963e-12   3.57498e-13
0.518555   0.0846672   -3.6565e-14   7.28991e-13
0.519531   -2.55761   3.82527e-13   -1.71972e-13
0.520508   -1.02531   3.63535e-13   -1.36633e-14
0.521484   1.99476   1.92231e-13   -2.60482e-14
0.522461   0.53456   -9.7976e-14   3.79941e-13
0.523438   -1.14411   3.4224e-13   -2.76687e-14
0.524414   0.187094   1.08725e-13   0
0.525391   0.624429   -1.91703e-13   -6.48174e-13
0.526367   0.459707   6.75993e-13   9.03722e-13
0.527344   1.61568   -4.46082e-13   2.50535e-13
0.52832   1.72937   -2.11067e-12   -8.15792e-13
0.529297   1.88092   7.16707e-13   -2.00709e-12
0.530273   3.66777   1.98563e-12   -5.95046e-13
0.53125   2.36783   6.2716e-13   2.87626e-13
0.532227   -1.51816   4.93419e-13   2.2222e-13
0.533203   -1.21581   8.23482e-13   -7.71407e-13
0.53418   0.758369   1.44569e-12   1.04694e-12
0.535156   -0.916498   -2.71034e-14   -2.33276e-13
0.536133   -1.5175   6.36247e-13   3.13359e-13
0.537109   1.38163   1.31966e-13   8.1879e-13
0.538086   2.37558   5.45894e-13   3.2685e-13
0.539062   1.29096   -1.32668e-12   -5.84226e-13
0.540039   0.934251   9.92189e-13   -6.19211e-13
0.541016   -0.24309   1.99999e-12   3.5104e-13
0.541992   -1.05348   -1.15424e-12   2.65136e-13
0.542969   0.351806   8.76074e-13   8.45385e-14
0.543945   -0.177191   1.64755e-13   -2.61658e-13
0.544922   -2.38277   5.97487e-13   -1.43216e-13
0.545898   -0.847415   2.08148e-13   1.18226e-13
0.546875   0.886274   3.53052e-13   -2.16716e-13
0.547852   -2.0553   3.92944e-13   8.69071e-14
0.548828   -3.80557   9.82076e-13   -6.12582e-13
0.549805   -1.44988   7.61523e-13   8.38155e-13
0.550781   -0.47896   3.00289e-13   5.20249e-14
0.551758   -0.850376   -2.22017e-13   4.00099e-13
0.552734   0.429304   1.11934e-12   -4.22187e-13
0.553711   0.949574   1.10002e-12   -5.56747e-14
0.554688   0.541815   2.72311e-13   9.39673e-13
0.555664   0.907561   4.19338e-13   -3.13368e-13
0.556641   -0.898158   5.18692e-13   -4.04622e-13
0.557617   -3.64392   6.54157e-13   1.38556e-13
0.558594   -1.92023   7.18268e-13   3.30846e-13
0.55957   0.558973   1.59274e-12   -3.24365e-13
0.560547   -0.962949   2.07187e-12   -2.76622e-13
0.561523   -0.983875   6.8868e-13   7.19526e-14
0.5625   2.23044   4.27296e-12   1.33605e-12
0.563477   2.41624   6.54451e-12   2.7787e-12
0.564453   0.376365   -4.23693e-12   1.11386e-11
0.56543   0.529207   -4.86617e-12   1.85171e-13
0.566406   0.92942   -1.53607e-12   -5.27872e-13
0.567383   0.97876   -1.88001e-12   -2.80664e-13
0.568359   2.20327   -7.35194e-13   4.71708e-13
0.569336   1.63987   -1.68753e-13   -5.03261e-14
0.570312   -0.248594   -7.3774e-13   8.38606e-14
0.571289   0.914205   -8.95599e-13   -2.08829e-13
0.572266   1.57722   -1.59143e-13   5.05271e-14
0.573242   -1.63245   -1.27817e-13   -1.03739e-13
0.574219   -2.19303   -3.89692e-13   1.60673e-13
0.575195   1.40414   -4.74125e-13   -7.46959e-13
0.576172   2.27348   2.71453e-13   4.27556e-13
0.577148   1.05397   -1.28609e-13   -1.79418e-14
0.578125   1.91986   -4.45388e-13   8.2423e-13
0.579102   2.0713   -1.39305e-13   -7.28762e-15
0.580078   0.475462   -1.32354e-14   3.99724e-13
0.581055   -0.312323   -4.15845e-13   -1.27536e-13
0.582031   -1.77509   -5.01665e-13   1.8747e-13
0.583008   -3.20178   -3.34073e-13   -2.51914e-13
0.583984   -1.0259   1.09655e-13   4.35525e-14
0.584961   0.656602   -1.00741e-12   -2.14455e-13
0.585938   -1.64618   7.30085e-13   -9.30685e-14
0.586914   -1.88888   -2.56081e-13   5.11296e-13
0.587891   0.809964   -7.75882e-13   -1.40475e-12
0.588867   -0.0545955   4.03919e-13   3.39877e-13
0.589844   -2.40051   -3.38032e-13   -1.60664e-13
0.59082   -1.12336   4.39153e-13   1.25968e-14
0.591797   0.41081   -1.06879e-13   -5.618e-14
0.592773   0.144458   7.16806e-13   -1.9459e-13
0.59375   0.344406   -1.20174e-14   3.18109e-13
0.594727   -0.513723   -1.30172e-13   2.14858e-13
0.595703   -2.2162   -1.25856e-13   2.02532e-13
0.59668   -1.32971   1.75865e-13   4.60781e-13
0.597656   -0.867577   -1.80132e-13   5.9359e-13
0.598633   -3.03044   -6.24323e-13   -9.07644e-13
0.599609   -1.81236   3.67583e-13   -3.01073e-13
0.600586   2.51601   -2.05523e-13   1.75514e-13
0.601562   2.64781   -2.94091e-13   -5.21545e-13
0.602539   0.671163   9.23649e-13   -1.32705e-13
0.603516   1.67008   8.04085e-13   -2.30277e-13
0.604492   2.02474   -1.56899e-13   1.3002e-13
0.605469   0.164284   5.01796e-13   3.9518e-14
0.606445   -0.290572   9.66194e-13   3.60445e-13
0.607422   -0.204503   3.33588e-13   1.38235e-12
0.608398   -0.299639   -8.34067e-13   2.87702e-13
0.609375   1.58682   2.53016e-13   2.27374e-13
0.610352   2.17442   -4.72897e-13   2.41118e-13
0.611328   -0.470929   -3.47655e-13   -3.72968e-13
0.612305   -0.392897   4.49077e-13   3.8057e-13
0.613281   2.24601   -3.52472e-13   3.72018e-13
0.614258   1.10459   1.69619e-13   -2.88323e-13
0.615234   -0.689121   1.61556e-13   1.90077e-13
0.616211   1.66818   7.43633e-15   3.13504e-15
0.617188   3.15908   -9.67985e-14   -2.74244e-14
0.618164   1.3552   5.85745e-14   -3.97673e-13
0.619141   0.19182   -9.83385e-15   -2.79098e-13
0.620117   -0.772072   5.32119e-13   3.24233e-13
0.621094   -2.25771   4.74825e-13   4.05938e-13
0.62207   -1.65237   -1.08356e-13   -5.68434e-14
0.623047   -1.16958   4.52612e-13   4.63161e-13
0.624023   -2.44978   3.42515e-13   -6.3423e-14
0.625   -0.707107   -1.03742e-13   9.79771e-13
0.625977   2.57127   3.07507e-14   -1.42452e-13
0.626953   0.932895   1.59211e-12   -1.71791e-12
0.62793   -1.80929   1.56718e-12   3.97904e-12
0.628906   -0.482023   -8.58047e-14   -3.78129e-13
0.629883   0.0400725   -1.75984e-12   4.09041e-12
0.630859   -2.00408   -1.56043e-12   -1.48095e-12
0.631836   -1.97349   -2.20381e-13   -1.99588e-13
0.632812   -0.864775   -3.18047e-13   1.43254e-12
0.633789   -0.948841   -1.02614e-12   -6.77601e-13
0.634766   -0.359387   -2.95805e-13   -9.62214e-13
0.635742   -0.664884   2.83737e-13   1.16763e-12
0.636719   -2.7397   -1.26013e-12   -8.18868e-14
0.637695   -1.6488   -3.57998e-13   -7.19423e-13
0.638672   1.37444   2.16624e-13   3.67621e-13
0.639648   0.523531   -9.04433e-13   4.21174e-13
0.640625   -0.387526   -5.84442e-13   -8.80272e-13
0.641602   2.59465   3.07195e-13   2.55024e-13
0.642578   3.35361   -8.17362e-13   7.38541e-13
0.643555   0.278802   -6.76554e-13   -1.13131e-12
0.644531   -0.88767   2.93411e-13   1.13819e-12
0.645508   -0.548548   -9.53603e-13   -2.46874e-12
0.646484   -1.0072   5.32779e-13   1.70823e-14
0.647461   -0.119726   7.82501e-13   3.65833e-13
0.648438   0.891503   -6.65405e-13   9.81638e-14
0.649414   0.428814   -5.26649e-13   -2.1345e-13
0.650391   1.98635   2.26486e-13   -5.46478e-13
0.651367   3.87674   1.99905e-13   -4.44096e-13
0.652344   1.28104   -1.27672e-13   2.68305e-13
0.65332   -0.91428   3.88752e-13   -3.0467e-13
0.654297   1.43987   2.04371e-13   2.91194e-13
0.655273   2.13231   -3.37215e-13   -3.17884e-14
0.65625   -0.230125   3.4228e-13   -3.19312e-13
0.657227   -0.0585656   -1.75721e-13   1.63354e-13
0.658203   1.10323   -6.84825e-13   -4.48261e-14
0.65918   -0.0860183   1.96816e-13   1.20129e-13
0.660156   -1.00183   -1.50101e-13   1.78292e-13
0.661133   -1.47113   -7.20747e-13   1.74457e-13
0.662109   -2.46628   -4.75959e-13   -4.15183e-13
0.663086   -0.780491   4.24554e-13   2.5956e-13
0.664062   1.77157   -2.53565e-12   1.33532e-12
0.665039   0.419262   -3.72538e-12   -2.54851e-12
0.666016   -0.621647   -3.73026e-13   -5.62212e-12
0.666992   1.66601   5.13012e-12   -1.86606e-12
0.667969   0.916574   2.64813e-12   3.09442e-12
0.668945   -3.03027   -1.22355e-12   -2.1138e-12
0.669922   -3.37554   1.4055e-12   -2.94598e-13
0.670898   -1.66812   1.34718e-12   6.38264e-13
0.671875   -1.82797   1.68074e-13   1.59162e-12
0.672852   -1.3847   6.75849e-13   -5.62635e-13
0.673828   -0.37072   1.17146e-12   -1.93669e-13
0.674805   -0.698264   -1.67925e-13   1.73567e-13
0.675781   0.138046   -3.06253e-13   -5.21449e-13
0.676758   1.09754   4.50131e-13   -2.65276e-13
0.677734   -1.09162   1.61495e-13   8.31448e-13
0.678711   -1.6888   -6.42482e-14   -2.00893e-13
0.679688   1.71787   8.10887e-13   1.525e-13
0.680664   2.20582   2.87798e-14   2.43467e-13
0.681641   -0.513682   -1.25393e-13   -4.08652e-13
0.682617   -0.0790961   2.80315e-13   2.97553e-13
0.683594   1.17757   1.33012e-13   8.19062e-13
0.68457   -0.582635   3.25925e-13   -5.57776e-13
0.685547   -1.52404   6.66817e-13   -2.25602e-13
0.686523   -0.529173   2.59061e-13   -6.76958e-13
0.6875   0.158513   -1.27888e-13   1.22684e-12
0.688477   2.07523   -6.31829e-13   -1.1816e-12
0.689453   3.83071   -1.58321e-13   -5.4723e-13
0.69043   2.07147   -2.1454e-12   -8.23329e-13
0.691406   1.00273   -1.59796e-13   -5.22433e-12
0.692383   2.74169   9.29619e-12   512
0.693359   1.28389   3.7937e-13   2.49904e-12
0.694336   -2.22883   1.07114e-12   1.15353e-12
0.695312   -1.11003   2.53262e-13   1.00949e-12
0.696289   1.32609   8.86335e-13   9.7092e-13
0.697266   0.340171   5.47242e-13   3.86145e-13
0.698242   -0.320928   5.85164e-13   8.03886e-13
0.699219   0.391355   -3.29044e-14   9.39058e-13
0.700195   -0.172178   2.39201e-13   4.27951e-13
0.701172   -0.175176   6.45376e-13   8.71879e-13
0.702148   0.355552   1.56589e-13   5.86105e-13
0.703125   -1.00777   9.24965e-14   4.9738e-13
0.704102   -0.702424   2.49837e-13   5.49867e-13
0.705078   2.15556   4.78837e-13   2.71919e-13
0.706055   1.1238   1.16376e-13   3.54039e-13
0.707031   -2.48595   -8.65552e-14   3.44731e-13
0.708008   -2.06132   -9.45325e-14   3.11625e-13
0.708984   -0.958923   3.24437e-13   -3.51587e-15
0.709961   -3.08326   8.25893e-13   4.4141e-14
0.710938   -3.48123   5.42764e-13   1.55914e-12
0.711914   -1.08605   3.50512e-16   -9.25713e-14
0.712891   0.1245   7.35663e-13   2.37273e-13
0.713867   0.95296   1.88673e-13   9.88474e-13
0.714844   1.49852   4.40819e-13   -8.35837e-13
0.71582   -0.327359   9.15474e-13   2.23833e-12
0.716797   -1.0084   5.52076e-13   4.21147e-13
0.717773   0.720525   -2.86159e-13   2.45972e-13
0.71875   -0.47099   -4.51664e-13   5.99584e-13
0.719727   -2.69697   2.31001e-13   3.93006e-13
0.720703   -0.257167   -3.29472e-13   1.24165e-12
0.72168   2.07008   -2.3995e-13   1.02619e-13
0.722656   -0.0230766   3.49946e-13   3.21759e-13
0.723633   -1.0344   1.23445e-13   -1.41494e-13
0.724609   0.451141   2.23352e-13   7.90029e-13
0.725586   0.5192   1.13168e-13   9.23706e-14
0.726562   0.627002   1.48409e-13   9.47073e-13
0.727539   1.78504   -1.60244e-13   4.5507e-13
0.728516   1.62647   4.12374e-13   -3.72212e-13
0.729492   2.19422   3.99184e-13   1.26893e-12
0.730469   3.81265   3.80701e-13   5.89303e-13
0.731445   1.5687   8.2794e-13   4.23414e-13
0.732422   -1.9061   -3.7521e-14   3.7549e-13
0.733398   -0.684988   4.393e-13   8.13619e-13
0.734375   0.697991   1.43765e-13   6.11067e-13
0.735352   -1.35764   3.64857e-13   3.35793e-13
0.736328   -1.08458   -4.42839e-13   3.40972e-13
0.737305   1.87708   1.07497e-12   1.21608e-12
0.738281   2.18908   2.91652e-13   4.11606e-13
0.739258   1.16613   -4.31668e-13   1.30567e-12
0.740234   0.817108   1.00555e-12   8.24914e-13
0.741211   -0.564239   -1.24647e-14   6.36295e-13
0.742188   -0.881884   6.53636e-14   1.27511e-13
0.743164   0.546894   5.20614e-13   1.01427e-12
0.744141   -0.680218   3.20907e-13   1.45089e-12
0.745117   -2.43872   -5.89317e-13   1.42109e-12
0.746094   -0.23908   -4.84789e-13   4.47682e-13
0.74707   0.617586   5.87184e-13   5.54758e-13
0.748047   -2.76581   1.28483e-13   1.58545e-12
0.749023   -3.52901   -1.61534e-13   4.13512e-13
0.75   -1   4.87215e-13   1.804e-12
0.750977   -0.595842   -1.94048e-13   1.1385e-12
0.751953   -0.71269   7.54716e-14   7.16596e-13
0.75293   0.694075   3.19611e-13   1.51246e-12
0.753906   0.843312   1.62256e-13   1.70944e-12
0.754883   0.593911   -7.71823e-14   4.98046e-13
0.755859   0.821104   -1.42489e-14   2.01992e-12
0.756836   -1.5797   1.05949e-13   1.76925e-12
0.757812   -3.71031   8.32964e-14   1.78439e-12
0.758789   -1.20933   4.33083e-13   2.24654e-12
0.759766   0.518477   2.13409e-13   3.14782e-12
0.760742   -1.32269   -5.50693e-13   3.08217e-12
0.761719   -0.424043   1.53679e-13   2.9281e-12
0.762695   2.65368   8.97572e-14   5.0037e-12
0.763672   1.98813   2.05394e-13   6.76468e-12
0.764648   0.210167   3.24721e-13   1.40569e-11
0.765625   0.697991   -4.40773e-11   512
0.766602   0.88282   -1.67007e-13   -1.38427e-11
0.767578   1.16661   1.97979e-13   -6.65246e-12
0.768555   2.3453   4.12808e-13   -4.08291e-12
0.769531   1.19953   -1.97685e-13   -3.72391e-12
0.770508   -0.294595   -1.27884e-13   -2.92481e-12
0.771484   1.32784   2.9908e-13   -1.92503e-12
0.772461   1.13995   8.82733e-14   -2.39766e-12
0.773438   -2.20143   1.4951e-13   -8.79304e-13
0.774414   -1.60739   -1.0513e-14   -1.1422e-12
0.775391   1.95246   2.24391e-13   -1.64806e-12
0.776367   1.99823   -5.0981e-14   -9.39693e-13
0.777344   1.05932   -1.14221e-14   -1.23195e-12
0.77832   2.14657   -3.44524e-13   -1.43174e-12
0.779297   1.79595   -4.84418e-13   -1.22886e-12
0.780273   0.236194   2.28187e-13   -2.66617e-13
0.78125   -0.47099   2.90594e-13   -2.58688e-12
0.782227   -2.21264   6.62195e-13   -1.6483e-13
0.783203   -3.06152   9.01185e-13   -2.65386e-14
0.78418   -0.403847   2.48788e-13   1.38903e-13
0.785156   0.416128   -4.17325e-13   -1.47835e-12
0.786133   -2.07967   -4.91459e-13   -7.69119e-13
0.787109   -1.37682   -1.29343e-13   -1.14515e-12
0.788086   1.04054   8.97613e-13   -8.52651e-13
0.789062   -0.652804   6.48773e-13   -2.22264e-13
0.790039   -2.43817   3.58163e-13   -1.18804e-14
0.791016   -0.660292   -3.97514e-14   -5.30379e-13
0.791992   0.427495   1.33568e-12   -3.14611e-13
0.792969   0.127177   1.77714e-13   -6.21679e-13
0.793945   0.347198   -6.81716e-13   -6.73178e-13
0.794922   -0.917152   -5.25497e-13   3.97153e-13
0.795898   -2.27023   1.26249e-12   -2.60072e-12
0.796875   -1.00777   1.07781e-12   1.47793e-12
0.797852   -1.21226   1.21859e-12   -1.42565e-12
0.798828   -3.24789   1.06613e-12   -6.28944e-13
0.799805   -0.948781   -2.46986e-13   -5.28933e-14
0.800781   3.00448   2.46938e-12   -1.00245e-12
0.801758   2.16789   4.04874e-12   2.57495e-12
0.802734   0.638803   -2.10835e-14   5.17895e-12
0.803711   1.97118   -3.59445e-12   2.3208e-12
0.804688   1.7184   -2.24093e-12   -7.05682e-13
0.805664   -0.102239   6.93724e-13   -6.38266e-13
0.806641   -0.217433   -7.07901e-13   -2.64778e-13
0.807617   -0.290939   -1.28562e-12   7.81597e-13
0.808594   -0.0796587   -2.47252e-13   -5.49525e-13
0.80957   1.99498   -1.01943e-12   7.87014e-13
0.810547   1.7776   -8.01834e-13   -2.22214e-13
0.811523   -0.857929   -5.73151e-13   -1.76482e-13
0.8125   0.158513   -5.3602e-13   1.46691e-13
0.813477   2.40399   -5.72809e-13   -7.9263e-13
0.814453   0.529078   1.23754e-13   -4.08779e-13
0.81543   -0.506146   -1.50914e-12   -6.02395e-13
0.816406   2.25996   -4.69941e-13   3.22982e-13
0.817383   2.95353   -2.48336e-13   -4.54747e-13
0.818359   0.987639   1.81679e-12   -3.54329e-14
0.819336   0.0792256   -6.0922e-12   2.13443e-12
0.820312   -1.11056   -1.14008e-12   -9.68476e-12
0.821289   -2.33389   4.70125e-12   1.83653e-13
0.822266   -1.39025   1.00336e-13   3.23101e-13
0.823242   -1.39127   3.06873e-12   6.74271e-13
0.824219   -2.47508   4.2948e-13   8.79335e-13
0.825195   0.0783399   -1.66808e-13   4.0894e-13
0.826172   2.70199   -7.59681e-13   5.26005e-13
0.827148   0.18311   9.02769e-15   -7.66658e-13
0.828125   -1.82797   -6.46417e-13   7.24754e-13
0.829102   -0.10031   -1.36212e-12   -6.86562e-13
0.830078   -0.302829   5.01401e-13   -1.976e-12
0.831055   -2.25367   1.80755e-12   -2.87465e-13
0.832031   -1.69655   -4.38753e-15   1.50969e-13
0.833008   -0.822807   1.02921e-13   -5.79208e-13
0.833984   -0.920279   3.57322e-13   4.73059e-13
0.834961   -0.225832   7.79668e-13   -5.57272e-13
0.835938   -1.05686   4.19942e-13   5.60966e-14
0.836914   -2.90708   3.08057e-13   4.60397e-14
0.837891   -0.964954   5.77872e-13   2.9259e-13
0.838867   1.5615   -2.52737e-13   -4.75697e-13
0.839844   0.0805625   -3.68328e-13   6.20698e-13
0.84082   -0.00952948   7.28122e-13   2.86628e-13
0.841797   3.15635   1.92602e-12   -2.75176e-13
0.842773   2.8746   -6.90658e-13   2.19005e-12
0.84375   -0.230125   -1.50859e-12   -1.17095e-12
0.844727   -0.800857   -3.30682e-13   5.06526e-13
0.845703   -0.613252   7.22544e-13   -5.01953e-14
0.84668   -0.990769   5.84907e-13   -3.32935e-13
0.847656   0.198649   -4.98322e-14   -1.55477e-13
0.848633   0.844109   1.08736e-13   -1.71711e-13
0.849609   0.485033   -4.92477e-14   3.97588e-13
0.850586   2.5554   -1.23402e-13   -2.37206e-13
0.851562   3.71993   2.42855e-13   -3.76214e-13
0.852539   0.525368   8.58292e-13   -5.64547e-13
0.853516   -0.708572   5.97836e-13   1.04735e-12
0.854492   1.94027   -1.47883e-13   4.02446e-13
0.855469   1.72546   9.78048e-14   -7.64955e-13
0.856445   -0.497801   5.99871e-14   1.00409e-12
0.857422   0.280901   7.5419e-13   5.49478e-13
0.858398   1.02684   3.36525e-13   -5.63536e-13
0.859375   -0.387526   6.86447e-13   1.33582e-12
0.860352   -1.04428   2.79112e-13   6.57293e-13
0.861328   -1.69827   -9.94872e-13   2.28637e-12
0.862305   -2.4254   -6.74775e-13   -5.23609e-13
0.863281   -0.126574   2.29501e-14   3.36556e-13
0.864258   1.82393   -4.80995e-13   9.36132e-13
0.865234   -0.0607553   1.50468e-13   -3.55364e-13
0.866211   -0.303746   1.29988e-13   9.05529e-13
0.867188   1.96365   -1.53824e-12   7.93807e-13
0.868164   0.153098   -2.12702e-12   -8.27239e-13
0.869141   -3.50541   5.24023e-13   -2.58881e-12
0.870117   -2.99256   2.48724e-12   3.85933e-14
0.871094   -1.56441   6.94618e-13   1.11186e-12
0.87207   -1.88578   3.67707e-13   8.49099e-13
0.873047   -1.12022   4.80789e-13   9.41399e-13
0.874023   -0.361892   8.31361e-13   1.9973e-12
0.875   -0.707107   1.74007e-13   1.83242e-12
0.875977   0.483385   1.12857e-12   3.48145e-12
0.876953   0.883538   3.51267e-13   6.855e-12
0.87793   -1.57588   -2.04196e-11   512
0.878906   -1.17532   8.92358e-13   -7.27953e-12
0.879883   2.26056   5.38909e-13   -2.83016e-12
0.880859   1.69314   4.95146e-13   -1.61369e-12
0.881836   -0.771388   7.62047e-14   -1.44939e-12
0.882812   0.330652   1.11492e-13   -1.19894e-12
0.883789   1.02308   5.64204e-13   -1.30739e-12
0.884766   -0.987753   1.44896e-12   -1.98743e-12
0.885742   -1.38423   2.1886e-12   5.2407e-13
0.886719   -0.36712   1.61832e-13   2.43772e-12
0.887695   0.383707   -1.89793e-12   8.57859e-13
0.888672   2.60178   -8.84675e-13   -1.53354e-12
0.889648   3.74222   1.36217e-13   -3.59403e-13
0.890625   1.58682   -6.96109e-13   -2.14382e-13
0.891602   1.26817   -5.20207e-13   -9.54702e-13
0.892578   2.86821   2.0636e-13   -1.11082e-12
0.893555   0.486032   6.74508e-13   1.78548e-12
0.894531   -2.44884   -1.72655e-12   -1.4691e-12
0.895508   -0.46407   -8.27767e-13   -4.93674e-13
0.896484   1.37145   1.516e-12   -1.77264e-12
0.897461   0.026069   -6.83031e-13   1.52887e-12
0.898438   -0.180622   -5.65125e-13   -1.31293e-12
0.899414   0.389415   9.84173e-13   -6.68202e-13
0.900391   -0.311042   -1.12393e-12   2.43442e-12
0.901367   0.00219173   -2.76312e-12   -4.13763e-12
0.902344   0.214815   1.20046e-12   -1.1435e-12
0.90332   -1.25322   2.52091e-12   -2.88339e-12
0.904297   -0.163078   2.15085e-12   2.80029e-12
0.905273   2.41944   -1.06053e-12   5.06067e-13
0.90625   0.344406   -1.81811e-13   -1.26641e-12
0.907227   -2.7887   4.06424e-13   8.84846e-13
0.908203   -1.64231   1.88939e-13   -5.64597e-13
0.90918   -1.19985   -1.56047e-13   1.35512e-13
0.910156   -3.4829   5.5621e-13   -3.7609e-14
0.911133   -3.08722   -2.12019e-13   -1.58265e-13
0.912109   -0.691357   -5.94791e-13   -5.25769e-13
0.913086   0.237713   -1.24165e-13   -1.38211e-13
0.914062   1.18225   5.86926e-13   -6.29609e-13
0.915039   1.3017   5.64051e-13   -1.38755e-13
0.916016   -0.727273   -1.50871e-13   -2.45511e-13
0.916992   -0.712968   4.15214e-13   -3.32193e-15
0.917969   0.838036   -1.02932e-13   -1.03952e-13
0.918945   -1.08893   1.29468e-12   -4.55793e-13
0.919922   -2.59725   4.62162e-13   4.51549e-13
0.920898   0.503496   1.44991e-12   1.91806e-12
0.921875   1.91986   -5.83601e-12   512
0.922852   -0.513839   1.71745e-12   -1.58141e-12
0.923828   -0.799236   -1.5713e-12   6.66319e-14
0.924805   0.627536   -6.05803e-13   -1.89678e-12
0.925781   0.420091   1.954e-12   -8.85395e-13
0.926758   0.856363   -8.99091e-13   -5.31932e-13
0.927734   1.87586   1.15674e-12   -2.03689e-13
0.928711   1.5593   5.8233e-13   3.64713e-13
0.929688   2.57983   -4.78918e-13   -9.08602e-13
0.930664   3.76646   1.84591e-13   -7.22567e-13
0.931641   0.701947   1.10658e-12   -6.90996e-13
0.932617   -2.05387   2.77803e-13   3.41717e-13
0.933594   -0.152973   -1.43639e-13   -4.45237e-13
0.93457   0.452718   1.03647e-12   -9.09495e-13
0.935547   -1.67675   1.10846e-12   5.52824e-13
0.936523   -0.516926   -1.32117e-13   -4.29514e-13
0.9375   2.23044   1.35606e-12   -8.59647e-13
0.938477   1.94929   1.96038e-12   5.94088e-13
0.939453   1.09017   4.87073e-13   2.38991e-12
0.94043   0.635462   -1.31596e-12   8.98942e-13
0.941406   -0.837842   -4.40478e-13   -6.28644e-13
0.942383   -0.611287   -3.42732e-13   -1.06226e-12
0.943359   0.603163   6.90035e-13   1.20415e-12
0.944336   -1.21903   3.08826e-13   -7.09578e-13
0.945312   -2.28661   1.34179e-12   4.73729e-13
0.946289   0.30448   -3.39223e-12   -6.2448e-13
0.947266   0.130673   3.74061e-12   7.15617e-13
0.948242   -3.33919   1.49623e-12   1.18584e-12
0.949219   -3.09209   -4.40552e-12   1.73514e-12
0.950195   -0.673275   2.1255e-12   -5.3098e-13
0.951172   -0.732862   -1.20507e-12   -3.9121e-13
0.952148   -0.487493   2.87929e-13   -8.10829e-13
0.953125   0.886274   -1.01377e-12   5.96856e-13
0.954102   0.720393   8.1552e-13   -7.90429e-13
0.955078   0.689938   -4.24888e-13   -1.35406e-13
0.956055   0.599412   8.6277e-13   -1.24165e-14
0.957031   -2.26132   -2.65336e-13   5.53547e-13
0.958008   -3.5423   -4.05933e-13   -7.79729e-13
0.958984   -0.541721   6.94168e-13   1.29625e-12
0.959961   0.289157   1.40797e-12   -7.45532e-13
0.960938   -1.53747   -4.58406e-14   2.46451e-12
0.961914   0.248986   -1.76096e-12   -1.1891e-12
0.962891   2.88295   -2.29104e-13   1.15876e-12
0.963867   1.51512   1.07699e-13   1.25768e-13
0.964844   0.165894   -6.67845e-13   -1.64463e-13
0.96582   0.834857   -1.03093e-12   -9.06328e-13
0.966797   0.837307   4.35073e-13   -6.14648e-13
0.967773   1.415   -3.03638e-13   -1.90132e-13
0.96875   2.36783   4.54798e-13   3.46848e-14
0.969727   0.734608   -6.91468e-13   -6.62451e-13
0.970703   -0.1722   1.35541e-12   -3.82048e-13
0.97168   1.65288   8.46875e-14   3.96942e-13
0.972656   0.533288   -5.51543e-13   -3.38381e-13
0.973633   -2.57292   4.53294e-13   -7.81193e-14
0.974609   -0.876892   1.82109e-13   5.54289e-13
0.975586   2.31368   3.8561e-14   512
0.976562   1.68431   -2.59297e-13   2.45863e-13
0.977539   1.17965   7.26372e-14   -8.45248e-14
0.978516   2.29339   1.14601e-14   -3.45572e-13
0.979492   1.46351   -3.50942e-13   3.27884e-13
0.980469   0.0555186   -2.60256e-13   2.89651e-13
0.981445   -0.691936   -4.84123e-13   -1.44645e-13
0.982422   -2.62222   9.68698e-14   -3.92183e-13
0.983398   -2.73953   -7.11681e-13   -2.81411e-13
0.984375   0.127288   4.3864e-13   -7.10543e-15
0.985352   0.00193976   -1.73234e-12   -2.74798e-13
0.986328   -2.34494   2.75835e-13   -2.80133e-12
0.987305   -0.774516   1.89338e-12   7.38403e-13
0.988281   1.05668   1.12775e-13   -1.9972e-13
0.989258   -1.25067   4.26066e-13   3.50687e-14
0.990234   -2.29365   2.98238e-13   -8.27897e-14
0.991211   -0.247019   3.47964e-13   3.05352e-13
0.992188   0.37642   1.03954e-13   3.12869e-13
0.993164   0.155287   -3.9242e-13   -1.5712e-13
0.994141   0.271999   5.55883e-13   -5.5468e-13
0.995117   -1.33414   4.33865e-13   3.01981e-13
0.996094   -2.18305   -5.13457e-13   -5.91757e-14
0.99707   -0.761448   1.03766e-12   -5.7834e-13
0.998047   -1.66547   9.99751e-14   5.22027e-13
0.999023   -3.24853   4.90712e-13   2.3803e-13
