-15.7059 -3.15816 1.00028 
-18.8425 9.40611 1.0004 
-0.0079124 -3.12622 1.00029 
-0.00122787 3.12431 1.00029 
-12.5602 -12.5629 1.00005 
-18.8357 0.0180724 1.00052 
15.7001 -12.5738 1.00012 
18.8513 -12.5471 1.00037 
-9.40971 -3.13999 1.00023 
15.7191 15.7047 1.00013 
0.0689031 0.103341 0.916912 
-15.6991 6.26099 1.00057 
-3.15782 -18.8511 1.00027 
-15.7089 0.017949 1.00032 
6.28618 -12.5886 1.0005 
-15.717 -18.8398 1.00018 
-15.7137 6.28822 1.00006 
12.5667 3.15518 1.00018 
-18.8501 -3.16231 1.00043 
9.42986 -3.15118 1.00012 
15.7283 -3.14455 1.00042 
-0.034754 0.0180966 0.901688 
9.41518 -6.27389 1.00018 
-18.8588 -0.0122717 1.00024 
-3.12283 6.29063 1.00041 
3.15583 -12.5585 1.00026 
9.40622 -3.15515 1.00053 
-18.8645 -3.14246 1.00022 
-0.0339423 -0.11219 0.91505 
15.7104 3.14677 1.00003 
3.12563 -3.1505 1.00033 
18.864 -3.13381 1.00027 
6.28514 -3.13442 1.00006 
12.5561 -9.44356 1.00046 
-6.28912 9.41482 1.00013 
-12.5535 -6.29736 1.00037 
-3.13611 -6.27066 1.00019 
3.15299 12.5586 1.00019 
9.42794 18.8625 1.00018 
12.5657 -0.0074789 1.00006 
18.8688 -9.42013 1.00039 
-6.27693 3.16002 1.00038 
-6.2797 -15.7161 1.00008 
3.13576 -18.8487 1.00003 
9.41689 -6.26319 1.00046 
3.14488 -12.5609 1.00004 
-18.8582 -15.7257 1.00039 
0.0121359 -6.26869 1.00036 
0.00949482 -18.8529 1.0001 
6.29919 -3.15729 1.0005 
-15.7057 -18.8704 1.00044 
-6.29353 -3.13611 1.00014 
3.14976 3.1463 1.00009 
-3.15299 -0.0174731 1.00043 
-0.0468594 -0.0313894 0.903497 
9.44168 -0.00140155 1.00029 
-15.7017 9.43208 1.00009 
-18.8696 -9.42355 1.0004 
6.28288 -12.5812 1.00022 
9.43389 6.27831 1.00011 
-6.28447 0.00287418 1.00001 
-12.5699 -3.13075 1.00013 
-12.5674 -18.8707 1.00045 
15.6994 -18.8653 1.00032 
3.13648 12.5784 1.00017 
-0.01026 -3.13082 1.00022 
18.8708 -9.43062 1.00049 
-6.27604 9.44059 1.0003 
-9.41564 3.12606 1.00032 
0.022126 6.28172 1.00049 
12.5727 -12.559 1.00009 
6.29618 15.6935 1.00038 
-9.43235 0.00811492 1.00012 
6.28076 -0.023072 1.00054 
18.8365 3.14948 1.00023 
-9.40612 -6.29077 1.00041 
6.28261 18.873 1.00055 
15.7152 15.7211 1.00022 
12.5574 9.41142 1.00026 
18.8529 12.5509 1.00025 
0.00892674 -0.0466655 0.902481 
9.41689 3.1505 1.00014 
18.8645 15.7138 1.00026 
12.5678 9.40579 1.00036 
15.7052 6.29619 1.00018 
-3.14036 -3.13961 1.00001 
9.41653 -9.42834 1.00008 
-15.7267 15.7115 1.00037 
-12.5563 3.139 1.00011 
-15.7204 -18.8623 1.00032 
-12.5657 9.44178 1.00029 
6.27577 -3.14339 1.00006 
0.168415 0.107347 0.943486 
-15.7101 6.2796 1.00002 
0.00576445 -12.5682 1.00004 
15.6948 -0.0133214 1.00035 
12.5566 18.851 1.0001 
-18.842 -0.00185755 1.00006 
0.0346224 0.0111178 0.901454 
6.27328 -18.846 1.00011 
-6.30139 -9.43108 1.00037 
-6.27212 -0.0143193 1.00033 
18.8577 12.5682 1.00007 
-12.5539 -12.5495 1.00044 
0.0611217 -0.0485896 0.906698 
0.0188786 -18.8532 1.00037 
3.15514 -3.13397 1.00024 
-18.8377 -12.5716 1.00017 
-6.27552 12.5633 1.00007 
-3.12931 -6.29166 1.00022 
-0.0137623 3.14801 1.00023 
12.57 6.26734 1.00026 
15.73 12.5677 1.00049 
-3.14653 18.8341 1.00026 
3.16009 -3.14118 1.00034 
-9.429 0.00233991 1.00002 
6.26676 6.27196 1.0004 
-15.6886 15.7087 1.00037 
-15.717 -15.724 1.00034 
3.15629 18.8476 1.00022 
-0.266846 0.0578505 0.98006 
-3.13109 6.26522 1.00043 
-6.294 -6.27327 1.00022 
-18.8695 -12.5539 1.00055 
-9.42152 -6.29681 1.0002 
-9.40701 12.5509 1.00056 
6.27016 -18.8467 1.00018 
-3.11898 -15.7078 1.00051 
12.5566 -12.5822 1.00035 
3.1404 -9.44073 1.00026 
-18.8381 15.7072 1.00013 
3.15 9.43689 1.00022 
3.133 18.8646 1.0003 
-12.5656 -0.00830214 1.00007 
-12.5732 6.28586 1.00005 
-0.0142552 -18.861 1.00033 
9.43816 15.7257 1.00049 
15.7265 -15.7194 1.00048 
-18.8407 9.44603 1.00053 
-6.29434 -12.5653 1.00013 
9.43241 18.8394 1.00016 
0.013508 -18.8674 1.0005 
-3.12437 -3.13343 1.00036 
9.41712 0.0141789 1.00026 
9.41686 -6.26145 1.00053 
9.41953 12.5493 1.00032 
-3.13377 -12.5833 1.00035 
-6.26359 -3.14274 1.00039 
6.28997 -9.4339 1.00013 
-6.27332 12.5503 1.00036 
-12.5613 -15.7218 1.00022 
-0.0149787 3.14824 1.00026 
15.7286 -9.42074 1.00044 
18.8602 -18.8405 1.00019 
-6.30201 3.13741 1.00037 
-18.8654 15.7228 1.00047 
-18.8467 -12.5552 1.00013 
6.29324 -6.29559 1.00025 
-0.0584442 0.301088 1.00034 
-18.8465 -3.14562 1.00003 
-12.5577 3.13612 1.00011 
15.7244 -6.26713 1.00053 
-3.12389 15.6942 1.0005 
-9.42767 -3.1549 1.00019 
3.12014 -9.4273 1.00047 
9.43821 -15.7204 1.00034 
-18.8518 -9.41202 1.00017 
-3.13004 6.26773 1.00037 
6.29953 -3.14871 1.00032 
0.28785 -0.0847216 0.996365 
-12.5666 -18.8512 1 
9.40315 -15.6986 1.00056 
-18.8609 -9.42588 1.00013 
-6.26107 -3.13417 1.00054 
-0.00349619 -9.43568 1.00013 
15.7209 3.13386 1.00023 
15.7268 12.5765 1.00045 
6.3026 -3.13542 1.00041 
-0.020299 0.019408 0.900867 
-3.12288 3.15362 1.00049 
18.8416 -15.6906 1.00036 
9.44518 12.5561 1.00052 
-12.5687 -3.13374 1.00007 
-6.29364 9.43972 1.00033 
-3.15212 -6.29124 1.00018 
3.15764 -15.7073 1.00026 
6.27151 6.27498 1.0002 
-3.14142 0.0126717 1.00016 
3.1196 15.7129 1.00051 
-15.7111 3.13776 1.00002 
-0.0762384 -0.0374126 0.907919 
-6.27728 3.12126 1.00045 
-3.14551 -3.13827 1.00003 
-6.28607 -3.12509 1.00028 
0.0141218 -9.41531 1.00029 
12.5603 -6.26196 1.00049 
-12.5504 12.5782 1.00039 
12.5648 -12.5704 1.00002 
-3.16047 -3.14758 1.00039 
6.29626 6.27303 1.00027 
-15.6992 15.7052 1.00008 
-0.0128333 -12.5505 1.00042 
9.41831 9.43362 1.00012 
6.27723 -0.0202996 1.00045 
-0.0080927 6.27852 1.00009 
-12.5575 15.7157 1.00014 
18.8367 9.44019 1.0004 
-12.571 12.5586 1.00008 
3.12267 3.14074 1.00036 
9.42216 18.8368 1.00017 
12.5512 12.5638 1.00024 
-0.00317955 -3.15421 1.00016 
-9.41619 -6.2768 1.00011 
-9.40756 -12.5596 1.00034 
0.0628853 -0.108534 0.917244 
-0.107111 -0.0775882 0.919171 
-6.30626 -12.5681 1.00054 
18.8372 -18.8585 1.00023 
-3.16406 12.5603 1.00054 
-18.8687 -3.13093 1.00048 
3.15535 9.41748 1.00024 
-12.5835 18.8526 1.0003 
15.6907 12.5789 1.00046 
-6.30031 -12.5761 1.00039 
-3.14947 -15.697 1.00018 
15.7066 9.41485 1.0001 
18.858 -18.86 1.00018 
-12.5564 6.26808 1.00033 
3.15729 -15.7021 1.00028 
12.5515 15.7236 1.00046 
-15.6972 6.27324 1.00021 
15.7149 12.5648 1.00005 
6.3005 0.00219521 1.0003 
-12.5798 6.28166 1.00018 
6.28316 3.14399 1.00001 
6.28706 15.6998 1.00008 
9.40847 15.7094 1.00027 
3.16117 -12.5568 1.00047 
-18.8429 -9.43059 1.00008 
-9.41642 -6.29091 1.00013 
12.5508 -0.0127725 1.00041 
15.7121 -3.13082 1.00013 
-9.41471 12.5532 1.00027 
18.8368 18.8601 1.00028 
-9.43102 3.13116 1.00015 
-3.13824 -6.2997 1.00028 
9.42255 3.12168 1.0004 
-0.0321173 0.040683 0.902954 
-9.43354 -3.13876 1.00008 
-9.40701 12.5509 1.00056 
-9.41929 -9.406 1.00038 
-3.11877 -0.00329545 1.00053 
6.29958 12.5751 1.00034 
-0.00297257 6.30604 1.00053 
0.143124 -0.0441121 0.924508 
-15.7182 -6.30168 1.00045 
9.44334 -3.13602 1.00038 
9.41989 -6.28727 1.00004 
3.13712 6.30071 1.00033 
9.43784 15.7277 1.00056 
3.14416 9.43018 1.00004 
18.8536 12.5467 1.0004 
-0.0150072 -9.41876 1.00026 
-15.7055 15.6939 1.0002 
-0.00352634 -15.695 1.00018 
3.13841 -15.6851 1.00053 
6.26201 -15.7035 1.00047 
-15.7184 12.5846 1.00044 
12.5611 -15.7168 1.00011 
-6.27836 -9.439 1.00023 
0.017525 -0.196694 0.942324 
-9.41323 3.14679 1.00016 
15.7214 6.27132 1.00032 
6.30182 -9.42153 1.00036 
0.0457341 -0.0547975 0.905598 
3.14236 3.13149 1.0001 
-15.7002 18.8503 1.00006 
-6.27967 18.8667 1.00031 
18.8469 3.11917 1.00051 
-15.7196 -3.15939 1.00045 
15.6891 9.42819 1.00037 
3.15462 9.42393 1.00017 
0.00970002 3.14832 1.00013 
9.42216 -6.28685 1.00002 
-0.0275355 0.117992 0.916073 
-12.5734 -6.29756 1.00026 
-6.29171 -6.27245 1.00019 
-18.8532 6.29056 1.00007 
-0.0213487 -9.42298 1.00046 
0.0450775 -0.0540655 0.905445 
3.14703 6.26811 1.00026 
-6.29242 6.26345 1.00047 
-15.7253 6.2778 1.00033 
-18.8594 15.7119 1.00011 
-0.00335708 -18.8717 1.0005 
0.0120793 0.027274 0.900979 
9.40883 15.7117 1.00027 
-3.14476 -6.28148 1.00001 
3.13931 -12.5559 1.00011 
18.8352 9.41254 1.00035 
-12.5601 9.4442 1.00042 
-12.5756 -0.00972718 1.00018 
-0.00329907 15.6958 1.00016 
18.8432 0.00316286 1.00005 
-18.8344 -9.42946 1.00025 
-3.13661 0.00174735 1.00002 
-9.43608 3.12954 1.00027 
-3.12664 12.5725 1.00026 
-6.2781 -3.15152 1.00012 
12.5686 3.12819 1.00018 
-0.0218035 -6.28695 1.00049 
-3.12561 -9.41456 1.00036 
-6.29992 -0.0169732 1.00057 
-3.12237 9.43454 1.00046 
-9.42531 -15.6993 1.00007 
-9.41497 -15.7278 1.00049 
-12.5837 -15.7054 1.00031 
-12.5644 -6.29652 1.00018 
-3.12096 -3.1484 1.00047 
-15.6894 -9.43731 1.0005 
0.00530032 -0.02401 0.900665 
-0.00339394 -15.6991 1.00009 
18.8414 -15.7041 1.00008 
0.113181 0.167332 0.944494 
-18.8584 -3.12028 1.00053 
-3.15614 3.13254 1.00029 
9.40869 -6.28328 1.00026 
-3.14515 9.4174 1.00007 
12.5585 -6.27765 1.00009 
-0.0172426 -18.8331 1.00057 
6.28067 -3.13486 1.00005 
-0.0283622 0.051819 0.903835 
6.26685 -0.0125649 1.00042 
-12.581 3.15226 1.00033 
15.7071 9.44521 1.00042 
-6.27932 -3.15713 1.00026 
0.00256557 -0.00477704 0.900032 
-6.29109 0.00684724 1.00011 
6.26679 -12.5791 1.00043 
18.8649 12.5798 1.00042 
-0.153693 -0.0669013 0.930676 
3.13086 18.8698 1.00053 
-6.27187 18.8683 1.00048 
-6.28674 12.5674 1.00001 
15.7113 18.856 1.00005 
6.30192 -18.8538 1.00037 
-0.003017 9.43393 1.00009 
-3.13283 -18.8541 1.0001 
0.0365999 -0.172715 0.933943 
3.132 3.15156 1.00019 
9.44408 -12.567 1.00037 
-0.00878951 6.29035 1.00013 
-3.13541 -3.14398 1.00004 
15.6964 15.7277 1.00052 
18.8429 3.12156 1.00044 
-6.26004 -18.8501 1.00054 
-12.5598 -9.40435 1.00046 
6.27197 -9.417 1.00019 
-18.8542 15.7257 1.00034 
-15.7135 3.16267 1.00047 
0.0209915 -15.7039 1.00046 
-12.5697 -9.44575 1.00045 
0.238042 -0.114501 0.975395 
-3.12311 15.7162 1.00041 
9.42531 -18.8538 1.00002 
-18.8473 6.26078 1.00051 
15.7264 6.26957 1.00052 
-12.5625 -6.27881 1.00003 
12.5646 18.8329 1.00028 
-3.12899 -6.2976 1.00037 
-12.5575 18.8711 1.00054 
-0.0231624 -0.0716186 0.906222 
18.8586 -9.43056 1.00012 
18.8304 12.5547 1.0005 
-3.1359 6.28771 1.00005 
6.28842 -9.43442 1.00012 
-15.7144 3.11875 1.00056 
-9.41003 3.14497 1.00023 
-9.41859 -9.40317 1.00051 
6.29516 3.14203 1.00014 
15.6977 -18.8586 1.00019 
6.27781 -6.29978 1.0003 
-3.16397 3.14788 1.00054 
-15.7258 12.5589 1.00038 
-18.8663 15.7148 1.00033 
9.43784 -0.00587089 1.0002 
3.15975 6.28673 1.00034 
-6.30248 12.5738 1.00043 
6.29328 -15.7083 1.0001 
-18.8354 6.28238 1.0002 
-15.7104 3.13654 1.00003 
15.6905 -0.0101252 1.00041 
-6.26763 9.43968 1.00046 
-3.13342 -15.7085 1.00007 
-3.14197 -9.41471 1.0001 
-3.16378 -12.5663 1.00049 
-0.0119361 -15.7046 1.00015 
3.14521 -18.8607 1.00014 
6.28653 3.14635 1.00003 
9.40665 15.703 1.00035 
0.0141564 9.41031 1.00041 
0.0711088 0.045537 0.907831 
15.695 0.00501247 1.00019 
-18.8381 -3.15296 1.00026 
-6.2654 -12.5712 1.00034 
-6.27125 6.27298 1.00025 
3.15499 -12.5598 1.00022 
12.5539 -18.8425 1.0002 
3.15369 -9.43489 1.00025 
-9.40185 -12.5598 1.00057 
6.26249 12.5577 1.0005 
12.5867 0.0118099 1.00055 
-9.40998 -18.8625 1.00039 
6.28614 -0.00954156 1.0001 
-3.15143 15.7151 1.00015 
9.42069 9.438 1.00019 
15.687 -18.8567 1.00049 
6.27768 -0.0112935 1.00016 
-6.2868 -12.556 1.00012 
-12.5805 -9.43619 1.00033 
9.42641 15.6938 1.0002 
-18.8653 -9.42863 1.00026 
-6.26611 6.2968 1.00048 
-3.13837 0.00292602 1.00001 
12.5583 -18.8317 1.00038 
18.8563 12.5751 1.00012 
3.14036 -12.5453 1.00045 
-0.0310136 0.0489868 0.903695 
-9.42731 -12.5556 1.00012 
3.15616 15.7227 1.00043 
-6.28327 12.5832 1.00028 
15.7218 -15.7066 1.00019 
-18.8538 9.44027 1.00026 
3.12614 18.8394 1.00034 
18.8586 -15.7115 1.0001 
-9.40687 6.2704 1.00048 
18.8583 -0.0149721 1.0003 
-3.13715 0.0219486 1.0005 
-18.8483 15.6933 1.00022 
-0.0111924 15.6892 1.00048 
-3.14882 6.28155 1.00005 
-3.14719 18.828 1.0005 
15.7138 15.7004 1.00009 
-0.00357915 6.2757 1.00007 
18.8589 6.27603 1.00014 
-3.13196 -3.15669 1.00032 
-3.13156 -3.16146 1.0005 
18.831 -6.26987 1.00052 
-0.181302 -0.0818355 0.943073 
15.7125 6.28223 1.00002 
0.00320261 12.5623 1.00003 
9.43101 -0.00806031 1.0001 
15.7246 -6.28637 1.00029 
3.14387 3.14922 1.00006 
18.8589 3.13133 1.00019 
-15.6963 -0.019793 1.00053 
-3.15495 0.0101423 1.00028 
-18.8662 -12.5652 1.00028 
18.868 18.8608 1.00047 
-6.2769 6.28104 1.00004 
-9.44127 -9.42829 1.00028 
-12.5691 18.8615 1.00015 
-3.16298 9.41752 1.00051 
-0.00466724 3.14362 1.00002 
12.5718 -12.5626 1.00004 
9.43187 9.44075 1.00031 
-0.0184442 6.29069 1.0004 
18.8506 -0.008218 1.00007 
-15.702 15.7176 1.00013 
-3.13346 6.29887 1.00031 
-6.28676 18.842 1.00007 
-0.00933061 -15.7067 1.00009 
-18.8601 -15.7193 1.00024 
-3.1466 -0.0156039 1.00026 
-18.8656 12.5524 1.00045 
-0.102889 0.0325728 0.912767 
6.26985 3.15599 1.00038 
-6.28686 -3.14762 1.00005 
-3.15039 -6.26634 1.00036 
-0.0130722 -18.8617 1.00032 
18.8477 -9.41309 1.00014 
18.8496 -6.29375 1.00011 
12.5569 6.30491 1.00056 
-0.0181841 -9.43217 1.00039 
-12.5649 -3.11938 1.0005 
-12.5617 -9.40318 1.00049 
-18.8667 -9.43366 1.00037 
-6.27547 9.43862 1.00025 
-15.7313 -3.14228 1.00054 
6.30469 -3.13382 1.00052 
6.27768 -0.0221326 1.00052 
12.5727 15.727 1.0004 
3.12698 15.6987 1.0003 
6.26935 -18.8383 1.00032 
-6.29535 -15.7221 1.00035 
0.0184775 0.00298079 0.900385 
12.5624 0.00731987 1.00007 
0.0263758 0.0711404 0.906322 
-18.836 6.26357 1.00057 
-12.5759 6.29535 1.00024 
-9.42916 -3.15301 1.00015 
-0.0334002 0.0910275 0.910314 
3.12822 9.41407 1.00029 
-3.12977 -18.8507 1.00014 
0.0825662 -0.00408677 0.907499 
12.5583 3.15519 1.00025 
-12.5765 0.00715221 1.00015 
-0.0173942 6.29005 1.00035 
-18.8605 6.30205 1.00047 
-6.28524 -0.00510812 1.00003 
6.27704 9.40171 1.00057 
12.5769 -12.5643 1.00011 
-6.28131 18.8615 1.00015 
9.40636 6.29761 1.00055 
-18.862 18.8608 1.00028 
-15.703 -15.7 1.00009 
9.40672 0.00740167 1.00038 
6.27177 -3.13453 1.00018 
12.5447 -15.7143 1.00051 
12.5664 -9.43143 1.00004 
-6.29273 -9.43969 1.00031 
-9.42909 -6.29752 1.00022 
-6.2695 -12.5522 1.00039 
-6.29434 9.41823 1.00017 
-3.12147 -18.8539 1.00042 
15.7262 -15.7025 1.00036 
18.8401 0.0115474 1.00022 
-6.30589 9.42165 1.00053 
-6.28021 -6.26165 1.00047 
18.8417 -3.12188 1.00045 
-15.7167 -6.26303 1.00048 
-12.5626 -18.8484 1.00002 
-12.5789 3.13707 1.00018 
-18.8427 3.15081 1.00013 
0.00691493 -9.41855 1.00009 
12.5862 9.43165 1.00044 
3.15382 -12.5612 1.00018 
-0.0725861 0.224258 0.960118 
-15.7187 -3.14131 1.00012 
6.28599 -0.021619 1.00048 
-6.27325 9.44219 1.0004 
3.13815 -6.27361 1.0001 
-9.43366 9.44122 1.00035 
-18.8483 -12.5458 1.00042 
-0.00217339 15.6912 1.00029 
15.6929 9.42498 1.00023 
-12.5543 9.41511 1.00024 
-6.28591 -12.575 1.00008 
-6.29054 -12.5464 1.00045 
9.41098 3.13381 1.00025 
0.0498019 0.0709632 0.908254 
15.6939 -9.42626 1.0002 
-0.00198856 -6.29083 1.00006 
-12.5701 6.26222 1.00045 
9.43074 12.5519 1.00025 
-3.13536 -15.6988 1.00012 
-15.7049 -0.013884 1.0002 
3.13424 -9.42287 1.00006 
0.0900578 -0.0540824 0.912108 
3.15842 15.6926 1.00052 
3.13217 -3.1492 1.00015 
18.8378 9.43699 1.00029 
3.14241 -18.8457 1.00002 
6.27372 12.556 1.0002 
-6.29903 6.27072 1.00041 
-18.8486 -12.5489 1.00031 
12.5779 -6.28627 1.00014 
0.0665657 -0.108953 0.917865 
3.15595 12.5557 1.00032 
12.586 3.13541 1.00042 
-3.15882 -3.13893 1.0003 
3.14733 -3.14578 1.00005 
18.8461 -12.5879 1.00047 
3.14613 18.8345 1.00025 
-6.29191 3.15209 1.00019 
-18.8313 6.27752 1.00037 
0.174769 0.041614 0.935141 
-0.140071 -0.118333 0.936736 
9.41561 -3.14309 1.00009 
-6.29718 -6.28344 1.0002 
-9.42777 -18.8318 1.00033 
-3.12128 6.28671 1.00042 
-0.0179447 -3.15658 1.00054 
-3.13962 -9.42603 1.00001 
0.00231597 6.28477 1.00001 
-3.14418 6.28727 1.00002 
-9.40491 3.14244 1.0004 
-6.27914 6.29486 1.00015 
3.14884 3.14878 1.0001 
9.41708 3.14667 1.00009 
-0.0301247 -0.0329133 0.902189 
9.4249 0.00993276 1.0001 
-3.12034 -0.000675039 1.00045 
12.5808 6.29337 1.00031 
0.0111757 9.41406 1.00024 
9.43696 -9.42768 1.00016 
0.266099 -0.00774777 0.976055 
-15.6927 -3.1255 1.00049 
15.72 12.5612 1.00017 
-9.43869 6.27756 1.00023 
-6.27717 9.42318 1.00004 
-3.14529 -3.16166 1.00042 
6.26981 -3.13567 1.00021 
15.6978 0.0130801 1.00027 
-6.28557 -15.7141 1.00004 
6.287 6.28605 1.00002 
-15.7171 9.44524 1.0005 
-18.8558 -9.41264 1.00019 
-18.8384 18.8523 1.00013 
9.4087 -12.5838 1.00056 
3.1381 -12.5579 1.00008 
-3.1416 12.5612 1.00003 
-6.27112 6.28354 1.00015 
-3.13801 15.7061 1.00002 
-12.5653 -9.4472 1.0005 
6.29944 0.00526798 1.00029 
12.5641 12.5656 1.00001 
-0.00601302 3.15357 1.00017 
-15.7242 -15.6986 1.00035 
18.8632 -18.8396 1.00028 
-9.44627 -0.0054759 1.00049 
18.8664 9.43767 1.00045 
-6.26791 12.5812 1.00045 
-6.2965 12.5572 1.00026 
12.5464 -0.0106217 1.00051 
-6.30344 -12.5713 1.00044 
-18.8502 15.7274 1.00038 
0.0550198 -0.236383 0.963588 
3.14548 9.42502 1.00002 
0.192514 -0.102593 0.951742 
-15.711 12.5726 1.00005 
15.7075 18.8435 1.00004 
6.30289 -6.27579 1.00044 
18.8477 -9.44476 1.0004 
6.28352 -9.43957 1.00022 
-3.1547 3.15633 1.00039 
6.27224 9.44154 1.0004 
-9.43724 9.41019 1.00037 
-12.5689 12.572 1.00004 
0.0131794 6.27365 1.00026 
6.27733 -18.8508 1.00004 
9.44222 3.15287 1.00043 
-3.13687 3.16299 1.00048 
-12.58 -3.15433 1.00035 
0.000716692 3.14641 1.00002 
-15.6888 0.0114547 1.0005 
-0.000271283 3.15517 1.00018 
15.7242 3.1396 1.00027 
-3.15264 12.5776 1.00025 
3.13875 12.5726 1.00005 
9.42327 -9.44724 1.00051 
-9.41749 9.44434 1.00044 
-9.40478 6.28387 1.0004 
-12.5596 9.40785 1.00033 
9.42434 12.5682 1 
-6.30525 12.5701 1.0005 
-3.14499 -12.5502 1.00027 
3.1454 15.7159 1.00008 
9.41483 -15.7162 1.00017 
-0.00280084 18.8566 1.00006 
-15.6901 6.28376 1.00032 
3.14685 -9.42538 1.00003 
3.12482 -12.5776 1.00041 
3.11932 18.8471 1.0005 
15.6965 0.0203808 1.00055 
-18.8679 -6.27222 1.00046 
-12.5708 -9.43392 1.0001 
9.41648 3.12824 1.00025 
-9.43263 9.42594 1.00006 
12.5607 3.12464 1.00032 
3.16325 0.00574874 1.0005 
12.5568 -3.15776 1.00035 
-3.14225 -9.41615 1.00007 
-0.119281 0.0648919 0.920193 
-0.00130119 -15.7301 1.00049 
9.41424 6.26603 1.00041 
-0.08425 0.241362 0.970541 
3.13648 0.00628617 1.00006 
-0.0497217 0.0476375 0.905211 
15.7003 -15.7155 1.00011 
-15.7099 9.4156 1.00009 
6.26557 9.43514 1.00042 
-0.00613731 -6.27482 1.00011 
0.0071517 15.7224 1.00026 
-9.41801 -3.15645 1.00027 
0.0176547 15.7054 1.00032 
-0.24126 0.00382711 0.962756 
-3.14959 -9.40961 1.00029 
3.13758 9.42151 1.00003 
-6.29073 15.7067 1.00006 
-9.42399 0.0139411 1.00019 
-0.0389342 0.0415781 0.903567 
0.0127218 3.14552 1.00017 
-15.7066 -9.43114 1.00004 
-6.28201 9.4061 1.00035 
-12.5742 3.15554 1.00026 
18.8707 12.5576 1.00052 
15.7193 -3.16056 1.00049 
-15.7296 0.00882169 1.00055 
9.43924 -15.6906 1.00051 
-6.29964 6.29165 1.00034 
-15.7167 -12.5552 1.0002 
-15.7089 12.585 1.00035 
-15.7061 0.00726875 1.00006 
9.40461 3.1462 1.00043 
9.40144 9.42496 1.00054 
-0.00163858 3.12125 1.00041 
-0.0123723 3.13028 1.00028 
9.42454 -0.0139058 1.00019 
-6.26646 -15.7117 1.00029 
0.00118294 6.2925 1.00009 
18.8632 18.8525 1.00019 
-3.12576 -12.5743 1.00031 
-3.14319 9.4429 1.00033 
-12.565 6.28424 1 
0.0025172 -9.41351 1.00013 
-12.5668 -15.7015 1.00004 
3.15055 6.29957 1.00035 
-6.28431 9.42502 1 
12.5749 -15.6931 1.00029 
-15.7113 -6.29568 1.00017 
-0.149597 -0.120076 0.940175 
-9.41836 12.564 1.00005 
15.691 9.42381 1.00029 
-15.6983 3.15849 1.00038 
-9.41419 18.8527 1.00012 
3.13852 -6.28355 1.00001 
-9.41873 -12.5639 1.00004 
9.44057 15.6985 1.00034 
-6.2962 3.1512 1.00026 
9.40965 -9.41361 1.00035 
-6.28124 15.7238 1.00025 
-15.7235 6.27489 1.00031 
15.725 0.00296852 1.0003 
-9.41771 3.13851 1.00006 
-9.4068 6.28933 1.00036 
6.28142 18.8646 1.00023 
15.7172 3.14595 1.0001 
3.13581 9.41001 1.00025 
9.41786 15.7005 1.0001 
-18.8605 12.5584 1.00018 
6.27288 -6.29669 1.00029 
9.40976 18.8412 1.0003 
6.29079 3.15919 1.00037 
-15.7163 -0.00357613 1.00008 
-3.1226 -9.41165 1.00053 
-3.13441 -12.5665 1.00005 
6.28765 -6.29122 1.00008 
-6.28232 -6.26684 1.00027 
15.7083 -18.851 1 
3.1543 -9.4166 1.00023 
-6.28683 18.8402 1.0001 
-9.42227 -18.8581 1.00008 
12.5604 6.26261 1.00046 
-6.27401 18.8626 1.00025 
-0.100439 -0.0120334 0.911217 
3.14395 -6.29166 1.00008 
6.28065 -15.7088 1.00001 
3.15641 -15.7191 1.00034 
9.41416 -9.4381 1.00029 
-15.7079 6.29951 1.00027 
-3.15455 6.28979 1.00021 
0.0101122 6.30142 1.00043 
9.43551 -0.00247966 1.00012 
-12.557 -15.7296 1.00056 
-15.6949 -18.8519 1.00018 
-18.8522 6.28147 1.00001 
12.5486 -15.7087 1.00032 
-15.6983 -6.29873 1.00034 
0.00426861 0.0185733 0.900399 
18.8464 -18.847 1.00002 
-12.5747 9.42527 1.00007 
9.41407 15.7043 1.00013 
-3.12664 3.13077 1.00034 
6.26275 9.42087 1.00043 
-6.27068 -18.8616 1.0003 
-15.7213 -9.41395 1.00029 
3.12453 -18.8605 1.00041 
-18.8354 -18.8304 1.00057 
-3.14709 12.5821 1.00028 
-9.42609 3.14527 1.00002 
9.44047 0.00576766 1.00028 
18.8462 15.6981 1.00011 
0.00170171 0.00339956 0.900016 
-3.14285 -9.40223 1.00051 
3.12326 12.5796 1.00051 
-6.28039 -12.571 1.00003 
-18.8663 15.7148 1.00033 
-9.41005 15.7087 1.00022 
-12.5659 -6.27986 1.00001 
-0.0618803 -0.0240021 0.90484 
-15.6933 -6.27113 1.00036 
-3.13086 -18.8523 1.00012 
6.26898 -18.864 1.00041 
-0.0103987 6.2764 1.00015 
-9.42762 -6.28118 1.00001 
3.15848 -18.8411 1.00036 
6.28398 15.7046 1.00001 
3.12827 9.43153 1.00022 
0.0319786 -0.0125833 0.901299 
18.8425 9.40467 1.00045 
9.42661 6.30563 1.00051 
0.053866 -0.0233122 0.903786 
18.8504 3.1432 1 
-18.8573 18.8557 1.0001 
-9.42946 15.7278 1.00042 
-3.14583 -3.14358 1.00002 
6.28131 -0.0133013 1.00018 
-12.5476 -0.00379312 1.00037 
-18.8294 3.14529 1.00042 
-12.5573 -6.28559 1.00009 
15.7257 15.7131 1.00034 
6.2798 -15.6971 1.00013 
6.30467 -15.7178 1.00056 
-18.8467 12.5522 1.00021 
12.5537 -3.25456e-05 1.00016 
0.00914582 -12.5814 1.00031 
9.406 15.6956 1.0005 
12.5721 -12.5819 1.00027 
12.575 6.27559 1.00013 
12.5684 -9.40865 1.00026 
-3.16099 15.7179 1.00047 
18.8452 12.5579 1.00009 
-12.57 18.8465 1.00002 
-12.5613 -3.11879 1.00055 
-3.14329 -3.15009 1.00008 
-9.43583 3.16076 1.00049 
-0.270598 -0.110808 0.991876 
18.8336 -3.13154 1.00036 
-15.717 -3.15857 1.00037 
-6.27154 6.28017 1.00014 
-0.120333 0.119813 0.931539 
0.0268226 0.00210657 0.900796 
-15.6877 -3.13644 1.00044 
-9.41482 12.5673 1.0001 
-6.2822 -9.42497 1 
6.28231 18.8644 1.00022 
-6.28578 6.2798 1.00002 
18.851 6.29523 1.00015 
3.12197 -6.27868 1.00041 
12.5795 6.2877 1.00019 
-6.29445 6.2834 1.00013 
-3.14677 -0.00616661 1.00006 
18.8365 -3.14303 1.00017 
0.011137 18.8332 1.00039 
-18.8582 18.8371 1.00023 
12.5639 -3.14081 1.00001 
-12.5681 -0.0120551 1.00015 
15.7277 15.7193 1.00052 
0.010953 15.7195 1.00025 
-6.26002 -12.5719 1.00057 
6.28519 -3.14045 1.00001 
15.6886 3.1449 1.00039 
-15.7305 -9.43155 1.00055 
-0.00887738 -15.703 1.0001 
0.0056881 -18.8389 1.00015 
0.0178551 -6.27831 1.00034 
-3.13198 -0.000559945 1.00009 
-18.833 18.8489 1.00027 
-15.6887 0.00304759 1.00038 
-15.7006 -15.7153 1.00011 
-15.7201 6.29173 1.00022 
3.14768 9.41279 1.00018 
-15.6978 -12.5821 1.00035 
9.44518 12.5561 1.00052 
-0.00251988 -6.30496 1.00048 
3.14692 0.00535736 1.00005 
-3.15714 -18.852 1.00025 
15.7129 0.00411945 1.00004 
-9.4289 18.8587 1.0001 
6.29302 -9.44378 1.00046 
-9.40931 18.8625 1.00041 
-12.5687 -6.29386 1.00012 
-6.26859 9.43898 1.00041 
-9.42797 -6.26834 1.00023 
-9.4351 -6.29231 1.00019 
-0.0382731 0.0058847 0.901649 
-9.41071 -12.5774 1.00032 
-15.7259 0.01252 1.00048 
18.8421 3.12387 1.00037 
0.0355931 0.10715 0.91397 
-3.13743 -12.5644 1.00002 
-9.43719 -15.6896 1.00049 
3.16267 3.13534 1.00048 
-6.28057 -9.4178 1.00006 
6.26847 3.12923 1.00037 
9.44559 15.6996 1.0005 
9.41131 -15.6974 1.00029 
15.7051 12.5514 1.00023 
-15.7259 12.5669 1.00032 
-9.41611 -9.41126 1.00026 
-6.30285 -9.43017 1.00042 
6.27438 -9.41606 1.00015 
-12.5518 6.30113 1.00053 
18.8646 15.7192 1.00035 
-3.15672 9.41308 1.00037 
12.5811 -9.43055 1.00025 
-0.00245389 -15.7214 1.00019 
6.27687 -9.42987 1.00007 
0.00409955 -18.8349 1.00023 
-0.00903281 12.5472 1.00045 
12.553 9.43688 1.00033 
18.8589 -0.0063556 1.00013 
6.28012 -12.5493 1.0003 
6.26996 -12.566 1.00018 
12.58 18.8455 1.0002 
-0.0595276 0.0935424 0.913486 
-3.14709 -18.8285 1.00047 
-3.13813 0.0101702 1.00011 
3.14246 9.40463 1.00041 
-6.29366 -0.0153344 1.00034 
0.00705748 -12.5579 1.00012 
9.40637 12.577 1.00045 
-18.8475 -3.14045 1.00001 
12.5568 6.27194 1.00022 
12.5816 15.7219 1.00043 
3.15667 -3.1414 1.00023 
-0.0156199 -0.0651482 0.90493 
0.00863495 -0.220025 0.952442 
-12.5823 9.42758 1.00026 
9.42357 -15.7244 1.00027 
12.575 -12.5758 1.00016 
-3.16054 -18.8356 1.00055 
3.14147 -6.26812 1.00023 
6.26168 -3.14066 1.00046 
-12.5462 -18.8448 1.00043 
-9.41679 3.13083 1.00018 
-6.26907 -12.5683 1.0002 
12.5705 9.40703 1.00033 
12.5663 3.13945 1 
12.5694 12.5542 1.00016 
-6.26584 -3.14695 1.00033 
-18.8583 15.7027 1.0001 
-6.2951 -18.866 1.00041 
6.28431 -12.5499 1.00027 
9.40851 3.15053 1.00034 
-0.00503802 -9.43542 1.00014 
-3.14036 -12.5455 1.00044 
0.00722785 -3.15311 1.00018 
-3.14183 -6.29325 1.0001 
3.12219 6.26988 1.00055 
-15.7036 0.000979492 1.00002 
3.15623 -9.43915 1.00042 
12.5561 -15.7248 1.00039 
-12.5714 3.12033 1.00048 
9.41905 -15.705 1.00004 
-9.43753 -18.837 1.00032 
-12.544 6.28903 1.00053 
-12.5746 3.1468 1.00009 
3.14449 -12.5819 1.00025 
-12.5513 6.27235 1.00035 
-15.7166 -18.863 1.00026 
-6.29238 12.5848 1.00043 
12.5739 -12.5608 1.00009 
12.5637 -3.13196 1.0001 
6.29494 -15.7063 1.00014 
-15.7137 6.26536 1.00035 
3.13607 3.12263 1.00039 
12.5701 15.6937 1.00022 
9.4284 9.41539 1.0001 
12.5882 6.29302 1.00057 
6.29951 15.6966 1.0004 
-18.8291 6.28461 1.00042 
0.0758505 -0.015287 0.906573 
9.43992 -12.5547 1.00037 
-3.14394 -12.5752 1.00008 
18.865 -15.7108 1.00025 
-3.11839 -12.5668 1.00054 
12.5538 -9.40469 1.00056 
0.00223071 -3.15935 1.00032 
9.41748 9.43332 1.00013 
-3.12185 -6.28249 1.00039 
3.14897 -6.26807 1.00028 
-15.7153 3.14736 1.00009 
-18.8486 18.842 1.00006 
-15.7021 -6.27271 1.00014 
-12.5539 -9.42187 1.00016 
-12.5578 -6.27735 1.00011 
0.016153 -12.5553 1.00038 
12.5653 15.7293 1.00046 
-12.5565 3.15925 1.00041 
6.29447 18.8556 1.00016 
12.5625 -9.43376 1.0001 
9.42068 12.56 1.00006 
-0.0326227 -0.230124 0.958352 
0.00918593 -15.7035 1.0001 
18.8554 -3.12307 1.00038 
-9.44157 -3.14625 1.0003 
18.8566 -9.41577 1.00013 
-6.28846 -9.43752 1.00019 
9.4213 -3.14098 1.00001 
15.6955 6.27597 1.00021 
12.5551 9.43933 1.00034 
18.8664 -6.28797 1.00031 
-15.7019 15.7009 1.00009 
6.29232 15.7234 1.00032 
-18.8398 15.7072 1.0001 
-15.7234 18.8664 1.00052 
-6.28506 15.7278 1.0004 
-12.5695 -18.8627 1.00018 
