3.06459 -9.40046 1.00651 
-9.46426 3.17519 1.00269 
0.00202294 12.6384 1.00518 
-9.43619 15.6246 1.00707 
-0.0224961 -3.06389 1.00652 
-18.8357 0.0180724 1.00052 
9.47722 18.8839 1.00393 
18.8714 -3.20361 1.00432 
18.8942 -9.38979 1.00322 
15.675 3.23413 1.00963 
0.0689031 0.103341 0.916912 
12.6401 0.0490659 1.00783 
-3.0578 -15.6951 1.00717 
-6.27243 -6.24471 1.0016 
-12.5718 -12.6639 1.00952 
-15.717 -18.8398 1.00018 
-3.07821 0.0311226 1.00497 
6.23323 6.27104 1.00264 
0.0373805 -9.4824 1.00471 
3.06897 -6.28945 1.0053 
3.08721 -12.6542 1.01064 
6.35635 18.9157 1.00972 
9.4641 15.6607 1.00378 
15.7783 -6.21893 1.00907 
15.6495 18.8928 1.00528 
-18.8849 3.14456 1.00126 
6.19931 18.8339 1.00726 
3.20609 -3.15527 1.00434 
-0.0339423 -0.11219 0.91505 
3.20247 0.0755568 1.0094 
12.5975 15.7841 1.00675 
6.24125 -15.6199 1.00948 
9.49088 6.33026 1.00658 
-3.09097 15.6595 1.00491 
-3.16828 9.41144 1.00089 
0.0796781 -6.22076 1.01023 
9.43983 12.5921 1.00089 
-3.07604 -18.8824 1.00537 
-9.48663 0.0583069 1.00722 
-12.6221 15.7887 1.00961 
-18.7943 -9.49063 1.00738 
6.22426 9.34282 1.01017 
0.0442257 -15.6604 1.00421 
-3.19865 9.40609 1.0036 
12.5499 -12.646 1.00659 
15.6653 -12.492 1.00734 
-6.22247 15.7831 1.00932 
12.5337 9.50811 1.008 
15.7752 12.5476 1.00487 
-9.50367 -15.678 1.00711 
-9.43078 9.49037 1.00433 
-0.068412 -9.38456 1.00629 
3.14976 3.1463 1.00009 
9.41676 12.4874 1.00629 
9.44055 15.671 1.00161 
-15.6575 -3.09303 1.0049 
3.11388 -12.6422 1.00651 
-12.5607 15.7949 1.00756 
-15.7499 6.25612 1.00249 
3.16535 -6.34147 1.00396 
-6.34523 9.38843 1.00517 
-9.44107 0.0540963 1.00319 
12.5421 0.0726284 1.00586 
-15.6401 15.7306 1.00511 
9.37529 -0.00758002 1.0025 
15.7877 -0.0319568 1.00736 
-18.82 -3.17654 1.00209 
-3.22252 18.832 1.00684 
12.6003 -9.39519 1.00203 
-6.3484 12.501 1.00851 
-3.1144 -18.8938 1.00269 
6.25865 15.7136 1.00063 
18.8922 -3.19835 1.00504 
-9.45928 -9.37696 1.00347 
9.45024 -15.6889 1.00101 
-3.1965 -3.1598 1.00334 
-3.04377 0.0312931 1.01051 
-6.23769 6.24962 1.00319 
18.8829 -12.5815 1.00134 
-15.7056 3.2143 1.00528 
-9.34312 -15.6828 1.00728 
0.00692924 -15.7691 1.00378 
-12.5312 9.51408 1.00919 
6.20719 -12.5686 1.00577 
12.5174 -9.38265 1.00417 
12.4759 -12.5771 1.00829 
12.5036 -9.43545 1.00405 
12.4811 9.41117 1.00744 
6.2246 9.47121 1.00558 
18.777 -3.20954 1.00987 
12.5857 0.0221298 1.00086 
6.30329 -12.5127 1.00328 
-6.19209 -6.28238 1.00828 
-12.6675 3.1271 1.01041 
9.42014 -6.32165 1.0015 
3.16808 -15.7552 1.00293 
-3.18299 -3.15541 1.0019 
-3.14536 15.6348 1.00536 
6.29614 3.21571 1.00565 
18.8338 9.49544 1.00523 
-3.12625 9.35888 1.00457 
-9.47763 15.7057 1.0028 
0.0367545 -6.24154 1.00308 
15.6838 -6.19286 1.00872 
-9.38994 -12.6359 1.00604 
0.0188786 -18.8532 1.00037 
3.16744 12.6401 1.0061 
-12.6186 6.27696 1.00276 
9.39412 -9.50866 1.00796 
9.3902 18.7717 1.00725 
6.31772 -6.36202 1.00739 
6.32688 -6.28971 1.00195 
-9.45084 15.712 1.0007 
9.44071 3.17278 1.00123 
-9.50116 12.4991 1.01034 
18.7891 -18.8764 1.00438 
6.26676 6.27196 1.0004 
15.657 -9.34535 1.00889 
6.26517 15.7385 1.00126 
-9.35968 -3.07546 1.0086 
-0.266846 0.0578505 0.98006 
9.33558 -15.6774 1.00887 
-6.294 -6.27327 1.00022 
12.4707 -15.7236 1.00936 
12.6014 6.22323 1.00482 
-9.39396 -9.35672 1.00557 
-0.036 15.7444 1.00263 
0.0475351 -12.6087 1.00405 
12.577 -9.50111 1.00593 
-15.8043 -6.25252 1.0102 
-9.37393 18.9046 1.00561 
-18.7912 18.7986 1.006 
-3.2258 9.47319 1.00942 
9.38197 -15.7199 1.00197 
-9.44496 -15.6728 1.00164 
3.13635 12.6022 1.00131 
9.49911 3.19506 1.00837 
-9.51391 -6.27975 1.00793 
3.12183 3.1858 1.00234 
-18.8168 -18.874 1.00167 
-12.6221 15.7887 1.00961 
-15.638 -12.4924 1.01036 
-6.33224 9.41697 1.00247 
-12.5695 9.45349 1.00083 
9.41686 -6.26145 1.00053 
-15.7281 -3.05041 1.00869 
6.23407 -3.13909 1.00242 
9.49148 -3.16412 1.00495 
12.6231 -12.5543 1.00336 
-6.29432 -0.0389475 1.00164 
9.41718 -15.7929 1.00726 
12.5789 15.8026 1.00909 
15.6956 12.5911 1.00076 
-3.07821 0.0311226 1.00497 
-15.7348 -12.6286 1.00459 
0.0680069 15.7682 1.00824 
-18.8272 3.11884 1.00102 
15.757 9.39507 1.00328 
15.7087 6.20464 1.00616 
18.9052 -15.7784 1.00804 
6.18766 3.1713 1.00998 
9.51674 -9.37894 1.01053 
3.18934 -12.5472 1.00264 
15.6281 0.00218991 1.00638 
9.37976 -18.8256 1.0026 
-12.5463 -0.0354868 1.00166 
9.35757 -15.775 1.00899 
3.17385 6.36041 1.00699 
-18.8372 -0.041406 1.00187 
0.28785 -0.0847216 0.996365 
3.15052 -12.6691 1.01059 
12.5741 -12.6688 1.01052 
-9.47952 -0.0152937 1.00323 
-3.21212 9.40227 1.00547 
9.37177 0.0677437 1.00739 
-12.5724 3.17127 1.00092 
12.5547 15.6193 1.00798 
-18.9379 -6.337 1.01068 
-0.020299 0.019408 0.900867 
3.2377 9.40379 1.00965 
6.28559 -3.22727 1.00733 
9.44518 12.5561 1.00052 
-12.6238 -9.45448 1.00417 
6.21855 12.5454 1.00461 
-6.21246 18.8883 1.00649 
3.15764 -15.7073 1.00026 
-15.8036 3.14375 1.00912 
3.09298 -9.44454 1.00275 
18.8223 3.17085 1.0016 
6.36766 -18.8109 1.00861 
-15.7455 -12.4916 1.00699 
-6.31957 -15.6731 1.00254 
-6.25574 -12.5507 1.001 
-9.42178 -9.39974 1.00064 
12.4786 -6.24292 1.0093 
-6.31014 6.21875 1.00487 
-12.54 12.6195 1.00352 
-12.5836 3.20161 1.00389 
-6.33765 -6.20032 1.00981 
9.34231 -9.40451 1.0072 
-6.27773 15.789 1.00658 
-9.36219 12.4913 1.00954 
-12.5148 15.7484 1.00429 
12.6496 3.14396 1.00692 
-12.6384 -9.41286 1.00532 
12.5729 -15.6563 1.00271 
18.8697 -6.26919 1.0006 
-3.1697 -18.7783 1.00586 
3.08485 -6.27165 1.00335 
9.42216 18.8368 1.00017 
-6.36982 -0.0471004 1.0097 
12.5901 -18.8696 1.00097 
3.22945 3.09254 1.0101 
-6.31055 12.5894 1.00128 
0.0628853 -0.108534 0.917244 
-12.6131 3.20815 1.00661 
6.33757 -0.058545 1.00638 
18.9168 -3.08343 1.00789 
12.6095 -12.5463 1.00226 
18.8623 -9.52154 1.0095 
-3.0683 -9.46748 1.00718 
15.7651 -18.9145 1.00748 
6.35648 18.8187 1.00631 
-0.0916427 3.17606 1.00956 
9.50135 -12.5078 1.00927 
0.0558557 -6.21614 1.0076 
18.8222 12.5283 1.0022 
-9.38164 -9.35007 1.00743 
0.0178971 3.11391 1.00108 
15.6831 15.7265 1.00096 
15.6928 -0.0606449 1.0039 
6.35372 9.42567 1.00497 
-18.759 -9.39623 1.009 
3.23047 -6.31351 1.0088 
15.7004 3.17401 1.00111 
3.11911 -3.1764 1.00172 
18.7985 6.19763 1.00991 
-6.2163 -3.19881 1.00774 
-9.34818 -0.0560754 1.009 
-6.34331 -3.11243 1.00446 
3.04125 -15.7101 1.01004 
-6.35916 6.33644 1.00859 
15.7158 -15.75 1.00183 
-18.7819 18.7986 1.00716 
3.2074 0.00922625 1.00441 
6.19608 -9.41886 1.0076 
-18.9312 -12.546 1.00707 
3.20822 12.5512 1.00466 
-6.20641 9.40832 1.00615 
-6.2337 -6.20727 1.0082 
18.9398 6.27391 1.00821 
3.08058 -12.5071 1.00722 
-6.26721 -12.6293 1.00422 
-18.8025 -6.34995 1.00666 
6.30642 18.9112 1.00434 
15.7293 18.9378 1.00823 
18.848 18.9032 1.00287 
6.35976 15.7191 1.00598 
18.9503 -3.163 1.01058 
3.11029 -3.22638 1.00815 
-18.9256 -15.697 1.0059 
-12.6013 0.0172307 1.00152 
-15.7636 12.6375 1.00814 
-3.16771 9.47879 1.0036 
0.0161383 -15.7389 1.00122 
12.4724 -15.7496 1.01054 
15.7768 9.38598 1.00624 
9.47836 12.5012 1.00711 
18.8981 15.7263 1.00269 
-9.39682 3.19179 1.0033 
0.017525 -0.196694 0.942324 
15.7508 -12.4842 1.00857 
3.0667 9.38861 1.00691 
3.04964 6.3189 1.00971 
6.33861 -15.7508 1.0049 
-9.34312 -15.6828 1.00728 
9.41064 6.33548 1.00293 
-6.2277 0.0852305 1.01032 
18.8469 3.11917 1.00051 
9.38183 -3.12495 1.00212 
-6.25609 -15.7177 1.00083 
-6.25703 9.37937 1.00274 
15.8016 -9.4654 1.0104 
9.42216 -6.28685 1.00002 
-0.0275355 0.117992 0.916073 
3.17329 6.29519 1.00115 
3.15959 9.50974 1.00752 
12.5953 -15.6807 1.00158 
-12.5472 -12.492 1.00589 
15.7562 15.6845 1.00287 
0.037388 -6.29188 1.00147 
15.6503 9.45749 1.00439 
-6.31626 -12.6205 1.00402 
-9.45874 3.09787 1.00306 
-9.45053 6.22373 1.00419 
-0.0212848 18.8192 1.00138 
6.29779 -6.22207 1.00394 
-15.7296 -0.0247703 1.00108 
-0.0153681 9.36204 1.00417 
3.19993 0.0260715 1.00408 
-12.5601 9.4442 1.00042 
9.37286 12.5992 1.00377 
-6.31855 0.0189043 1.00161 
15.7048 -0.0931661 1.00866 
-3.15973 12.5866 1.00074 
0.0814244 18.7933 1.00978 
0.0284426 12.5128 1.00368 
-3.12664 12.5725 1.00026 
9.49156 0.0407177 1.00611 
6.2343 9.35808 1.00683 
3.18843 -0.0427631 1.00402 
-15.7634 -15.7373 1.00393 
-3.1423 9.46782 1.00185 
-6.32601 -6.24273 1.00347 
-3.11882 9.44544 1.00095 
15.7714 18.8197 1.00491 
-3.15952 -9.46342 1.00181 
-3.0929 -3.14864 1.00242 
0.0924763 -6.30254 1.0089 
12.6592 -18.8194 1.0095 
3.15262 -15.7655 1.00343 
9.39925 6.25514 1.00144 
-9.37941 3.21569 1.00754 
0.113181 0.167332 0.944494 
-18.8584 -3.12028 1.00053 
-3.13316 -15.6662 1.00181 
-6.23526 18.8788 1.00315 
15.7304 -9.39033 1.00169 
12.506 -15.7869 1.00985 
-6.20745 -15.7735 1.01002 
-15.728 18.8723 1.00092 
-0.0283622 0.051819 0.903835 
0.0668653 -9.48547 1.00814 
9.4259 6.20296 1.00642 
-0.0784096 -18.814 1.0074 
-6.27932 -3.15713 1.00026 
9.4016 -15.6196 1.00832 
-18.8989 -0.0304785 1.00336 
-9.50386 9.35983 1.01045 
9.43107 6.35038 1.00455 
-0.153693 -0.0669013 0.930676 
-6.21884 6.30568 1.00464 
18.9443 6.26226 1.00939 
3.15489 -9.3803 1.00215 
9.43199 3.2341 1.00859 
9.33589 0.0347873 1.00909 
9.47234 3.09101 1.00482 
-15.7185 15.7398 1.00112 
0.0365999 -0.172715 0.933943 
-9.41526 -9.35439 1.00504 
3.11749 -3.19138 1.00306 
-9.43603 6.33312 1.00262 
12.611 6.22561 1.0053 
-9.35389 15.7301 1.00551 
-12.5667 3.07587 1.00431 
-12.4774 12.6139 1.01016 
3.16687 -9.35903 1.00496 
-9.48248 -12.5341 1.00437 
-6.20188 -12.622 1.00969 
-9.33802 3.09555 1.00963 
-3.19421 12.5102 1.00591 
-18.9196 -3.09678 1.00691 
0.238042 -0.114501 0.975395 
0.0262795 12.5372 1.00154 
-3.17867 -15.6816 1.00207 
15.7396 12.4897 1.00687 
15.7264 6.26957 1.00052 
3.09115 -3.18706 1.00461 
-0.0122185 -12.508 1.00355 
3.08902 -0.00504458 1.00278 
6.28551 -15.7581 1.00252 
-0.0231624 -0.0716186 0.906222 
9.34741 -3.17438 1.00705 
-9.3864 6.21964 1.0055 
-3.15 6.33826 1.0031 
-9.35389 15.7301 1.00551 
18.7801 -6.28606 1.00482 
3.12464 -15.7661 1.00366 
3.07825 -18.9025 1.00681 
15.6877 -18.7668 1.00725 
-6.33752 18.8704 1.00339 
3.11889 -15.743 1.00175 
0.0505362 9.36964 1.00559 
-9.47966 15.7208 1.00317 
18.8007 -9.43492 1.00249 
-12.5481 -12.5414 1.00096 
-3.07883 9.44858 1.0045 
-3.14111 -0.0296147 1.00087 
-15.7861 -6.34822 1.01031 
-9.45896 -12.556 1.00128 
15.6415 -12.5371 1.00527 
-3.16091 3.10294 1.00187 
-18.8285 18.9095 1.00403 
15.6578 -6.24632 1.00387 
-18.8025 3.18927 1.00449 
3.09165 6.22505 1.00587 
12.5179 -18.8088 1.00401 
-0.0157361 6.22318 1.00384 
-12.4732 -6.25779 1.00929 
9.46414 -3.19741 1.00466 
-15.682 -15.6861 1.00115 
18.8523 -15.7505 1.00182 
15.695 0.00501247 1.00019 
-18.853 -9.39401 1.00096 
-18.8542 9.51574 1.00827 
9.35792 12.505 1.00822 
12.5883 -9.46223 1.00188 
12.5539 -18.8425 1.0002 
-15.7899 12.5687 1.0067 
12.5793 18.8074 1.00194 
-6.24333 15.6898 1.00192 
6.23301 15.7041 1.00253 
-18.9004 -15.7677 1.00615 
-18.7837 -9.42746 1.00434 
0.0781738 18.8384 1.00622 
0.0404586 -9.42863 1.00165 
9.45422 15.7944 1.00832 
9.50554 15.6765 1.0075 
18.7856 0.0289605 1.00492 
3.1977 15.7806 1.00841 
-12.5388 -3.17311 1.00175 
15.7836 6.30283 1.00609 
-3.1379 3.05679 1.00719 
-6.23078 15.678 1.00364 
12.5583 -18.8317 1.00038 
-3.13986 18.9103 1.00369 
-12.5306 9.48004 1.00433 
-12.5326 6.30605 1.00166 
9.49357 6.24917 1.00588 
3.13933 15.7927 1.00717 
-9.32464 -9.40853 1.01026 
12.6525 -12.5859 1.00778 
-9.45248 -15.7248 1.00105 
6.35648 18.8187 1.00631 
12.6505 -6.25338 1.00795 
-0.0321457 -6.229 1.00397 
18.8583 -0.0149721 1.0003 
18.8173 3.20367 1.00489 
-0.0608965 -9.47324 1.00605 
-9.39997 -6.31047 1.00136 
6.30825 9.44319 1.00097 
9.47839 18.8678 1.0032 
-12.6075 -9.50751 1.00852 
12.5005 12.6426 1.01013 
-6.31877 15.6367 1.00634 
-6.29942 9.36159 1.00425 
-3.13156 -3.16146 1.0005 
12.5896 -15.6284 1.00686 
-0.181302 -0.0818355 0.943073 
-12.6452 -12.5571 1.00628 
-9.45363 -9.35748 1.00535 
6.26334 -6.30371 1.00082 
12.4733 -12.5646 1.00865 
-12.6381 -0.0538661 1.00803 
-15.7584 -12.6252 1.00599 
15.7341 -9.3365 1.00845 
-18.9094 -18.9027 1.00641 
-3.12733 -0.0336248 1.00133 
15.6474 12.6172 1.00624 
-6.1959 3.1899 1.00993 
6.2686 15.6446 1.00422 
-12.5777 -12.5297 1.00147 
-6.23803 -6.20516 1.00811 
-6.25555 -9.43345 1.00084 
3.1181 -6.27805 1.00058 
-6.27058 3.23825 1.00947 
18.8749 -18.8283 1.0011 
3.13385 -0.0770212 1.00598 
3.08048 -15.768 1.00733 
12.4728 -3.14644 1.00875 
-0.0313552 -9.35517 1.00582 
3.09849 9.47847 1.00474 
9.41442 15.8049 1.00948 
-6.24183 9.41033 1.00192 
-12.5654 -15.7361 1.00079 
-0.102889 0.0325728 0.912767 
-12.6028 -12.6195 1.00415 
3.11976 3.17694 1.00173 
-3.15039 -6.26634 1.00036 
18.9044 9.40533 1.00338 
-6.208 -3.12347 1.00597 
-9.38414 9.36989 1.00466 
6.26369 6.35844 1.00603 
15.6966 6.34266 1.00366 
-15.7666 15.7642 1.00659 
3.22889 -9.46897 1.00955 
-12.6254 12.5609 1.0035 
0.0255765 -6.20747 1.00638 
15.7146 -15.7657 1.00337 
-3.21909 -3.09033 1.00862 
15.6697 -0.00437753 1.00148 
12.6583 -15.7211 1.0086 
15.7299 -12.5396 1.0012 
12.4843 -9.45901 1.00789 
9.35821 15.7162 1.00449 
6.25527 0.0654331 1.00505 
-6.33598 9.49702 1.00799 
-6.34161 -9.39636 1.00422 
-3.24417 -18.8438 1.01052 
9.38265 3.13788 1.00179 
-18.9024 -9.48763 1.00674 
-6.3514 12.5814 1.00487 
-3.09575 15.7666 1.00554 
-0.0660682 18.9045 1.00737 
12.5935 -0.091041 1.009 
12.5962 -15.6414 1.00531 
9.50344 15.6899 1.0065 
6.37158 -3.09655 1.00982 
0.0754006 15.6817 1.00637 
15.741 -0.0529659 1.00389 
-12.5001 9.4322 1.00444 
6.31897 15.6974 1.00139 
9.42743 -3.08624 1.00307 
-0.0620024 -15.726 1.00416 
-18.862 18.8608 1.00028 
-18.9144 9.42763 1.00421 
-9.36765 3.20646 1.00746 
-0.093105 -9.45402 1.0095 
9.44716 15.6287 1.00677 
-9.43643 -12.5177 1.00251 
-12.6178 9.34085 1.00967 
-18.7923 -18.7858 1.00734 
-3.12828 -3.20231 1.00386 
-6.30915 18.8294 1.00108 
3.05983 6.30335 1.00708 
-6.22863 -9.46554 1.00463 
-15.6969 -18.7484 1.01032 
-9.38249 6.35396 1.00679 
18.8451 6.24289 1.00164 
-9.38207 -9.46251 1.00325 
-12.6463 -15.7474 1.00793 
15.6856 18.7879 1.0043 
-12.5096 -3.17759 1.00452 
-3.18856 -6.26725 1.00246 
0.0621747 3.13442 1.00391 
-15.6632 -12.6152 1.00438 
-6.25067 6.30872 1.00171 
-12.571 -6.23434 1.00241 
-0.0858698 3.10433 1.00874 
3.08234 -3.18867 1.00572 
-3.21909 -3.09033 1.00862 
3.16611 15.7142 1.00064 
15.6174 -18.8387 1.0083 
-3.1601 -15.6203 1.00801 
15.6192 -18.8871 1.00927 
12.6197 15.6676 1.00447 
15.7027 9.38266 1.0018 
6.32794 -9.36433 1.00565 
0.0312488 18.7721 1.00696 
15.7146 -15.7657 1.00337 
12.5771 -9.49041 1.00442 
-15.6466 -18.9041 1.00674 
-3.13906 -18.9355 1.00738 
6.26723 -3.23133 1.00829 
-0.0833775 -18.9072 1.01025 
15.6619 -15.6604 1.00438 
9.52414 6.30317 1.01024 
15.672 18.8818 1.00233 
0.0900578 -0.0540824 0.912108 
3.15842 15.6926 1.00052 
6.37385 -15.7109 1.00821 
15.6991 12.4985 1.00468 
9.34409 -9.424 1.0065 
15.6705 -9.49055 1.00572 
12.5727 -18.809 1.00168 
-15.7528 3.14753 1.00205 
-9.45933 3.04957 1.00964 
3.14881 -3.09585 1.00214 
18.8034 6.27934 1.00214 
9.47314 -6.2891 1.00237 
-3.15882 -3.13893 1.0003 
-6.31049 12.528 1.00221 
18.8461 -12.5879 1.00047 
-6.19003 9.43571 1.00877 
-6.29191 3.15209 1.00019 
12.5424 6.2642 1.00093 
0.174769 0.041614 0.935141 
-0.140071 -0.118333 0.936736 
0.0766074 -15.668 1.00746 
-18.8813 18.8811 1.002 
18.9044 9.44689 1.00349 
9.49148 -6.24237 1.00611 
-0.0179447 -3.15658 1.00054 
-3.0453 15.7136 1.00927 
-0.0276793 3.09624 1.00281 
12.5936 -6.24221 1.00242 
3.1732 -12.536 1.00192 
-15.6655 9.48354 1.00525 
6.25821 -18.8421 1.00068 
-18.9387 18.8195 1.00883 
9.36743 12.6502 1.01029 
9.41071 -18.8193 1.00111 
6.3241 18.8934 1.0036 
3.0893 -9.4393 1.00294 
6.25737 12.5583 1.00073 
0.0619832 12.5121 1.00678 
0.266099 -0.00774777 0.976055 
6.30923 3.11278 1.00151 
3.09012 -3.2193 1.00867 
-3.15187 -3.24025 1.00981 
3.21455 15.7047 1.00532 
-6.28669 15.6687 1.00155 
-12.656 6.28596 1.00801 
-3.17152 9.37556 1.00332 
18.8345 -3.12211 1.00061 
15.7055 18.7694 1.00641 
3.10822 9.3746 1.00363 
15.6956 -15.7334 1.0008 
9.47428 -6.32773 1.00443 
12.5087 12.6009 1.00451 
-6.30878 -6.2505 1.00172 
15.635 -0.0108146 1.00542 
-9.37061 -3.16333 1.0034 
-0.039301 -9.49615 1.00663 
-3.1966 15.7365 1.00384 
-15.6857 3.17658 1.00172 
-12.5856 15.6168 1.00865 
15.7503 15.6253 1.0086 
-6.33722 -6.21485 1.00758 
-18.8061 -3.06644 1.00752 
15.7364 -9.42887 1.00082 
-15.6649 -15.7597 1.00452 
9.48548 3.17728 1.00495 
12.5823 15.6686 1.0018 
15.6919 6.31622 1.00135 
-15.6167 -0.0438899 1.01024 
12.6188 9.35437 1.0077 
0.0550198 -0.236383 0.963588 
-12.5529 6.30896 1.00084 
0.192514 -0.102593 0.951742 
0.0889437 6.28943 1.00793 
-6.31434 15.8059 1.01052 
-18.9083 0.078036 1.00952 
9.35285 18.7787 1.01018 
-12.6351 18.8767 1.00546 
-12.5763 18.8094 1.00171 
15.7743 -6.33308 1.00688 
-6.35776 15.652 1.00868 
-12.6168 -18.8173 1.00358 
9.38287 3.06323 1.00788 
-6.26508 -9.4537 1.00116 
15.7782 12.6315 1.00917 
9.39425 -12.6238 1.00422 
-12.58 -3.15433 1.00035 
3.13469 15.7482 1.00166 
12.5995 -18.9214 1.00625 
-3.16586 -9.47094 1.00272 
-15.7615 9.42485 1.00286 
-12.6324 -9.48221 1.00765 
6.24387 -9.442 1.00184 
18.8936 12.6266 1.00556 
-9.41749 9.44434 1.00044 
-12.6081 -0.0648132 1.00594 
-3.14808 18.8938 1.00199 
-3.15745 -0.0960638 1.00945 
-6.30525 12.5701 1.0005 
12.5258 3.05978 1.00833 
18.8821 -6.21765 1.00535 
-18.7606 -3.1272 1.00811 
18.7794 15.6428 1.00916 
-6.24533 -12.5855 1.0018 
3.0982 15.6505 1.00518 
0.0593976 -18.8192 1.00444 
-3.0404 -3.14197 1.0102 
-15.6857 6.27035 1.00066 
6.20082 -9.43264 1.00683 
-9.3889 9.43518 1.0014 
-3.20285 -12.6045 1.0052 
3.18397 -6.23467 1.00415 
6.23109 -3.20146 1.00629 
15.6515 3.18098 1.00474 
3.07876 -9.43649 1.00408 
12.5935 -0.091041 1.009 
12.6115 6.34031 1.00529 
9.32265 9.41976 1.01042 
12.6415 0.00746422 1.00569 
-0.08425 0.241362 0.970541 
12.5651 -6.37405 1.00823 
-6.33962 -3.14353 1.00319 
-3.23285 -3.18212 1.00995 
9.4885 15.7351 1.00479 
0.00571141 -18.9377 1.00778 
12.512 9.49993 1.00859 
-6.28882 -15.7711 1.00401 
15.6725 -9.51668 1.00968 
0.0176547 15.7054 1.00032 
-0.24126 0.00382711 0.962756 
-12.5826 -3.16687 1.0009 
-3.06958 -3.14521 1.00519 
3.11942 6.29587 1.00065 
9.37845 -0.00468221 1.00217 
3.11644 -18.9036 1.00355 
-12.5449 -15.6229 1.00769 
3.14932 -15.7817 1.00548 
6.21909 -3.11982 1.00458 
18.8913 -15.7058 1.00174 
-3.12378 -3.11082 1.00126 
-3.14937 -6.3662 1.00694 
-18.7711 -15.6694 1.00763 
-3.23806 -12.5573 1.00936 
-18.9368 12.5512 1.00781 
-15.6422 -12.4958 1.0093 
18.8981 -12.5666 1.00236 
9.42763 -3.20626 1.00418 
12.4858 0.0509375 1.00908 
-9.47977 6.34968 1.00744 
9.42794 9.48618 1.00378 
6.2491 3.18973 1.00348 
0.0452024 -12.6175 1.00465 
9.41422 9.33813 1.0076 
-0.0979815 -18.8704 1.01 
15.7708 -9.37052 1.00689 
9.50745 -6.32478 1.00855 
-12.6016 -15.6596 1.00358 
3.09785 -6.28446 1.00191 
-12.5156 18.8849 1.00382 
0.0885873 6.25059 1.00889 
-12.4844 -18.7964 1.00953 
-15.687 -3.15509 1.00062 
6.33356 -18.9273 1.00857 
3.19657 -12.6154 1.00542 
-0.149597 -0.120076 0.940175 
-0.0570178 -3.17434 1.00432 
-12.5243 -9.38893 1.00305 
-12.478 12.5726 1.00783 
-6.31679 -3.06424 1.0071 
18.8633 -0.0284217 1.001 
9.47157 3.16373 1.00268 
18.8638 -3.1214 1.00061 
-3.10122 -3.16495 1.00217 
3.17483 -12.6411 1.00668 
-15.7546 18.9368 1.00977 
6.24252 18.9198 1.00658 
15.725 0.00296852 1.0003 
9.46029 -3.17555 1.00241 
-3.08374 3.12721 1.00355 
-3.09693 15.7239 1.00225 
-9.50383 -9.40338 1.00669 
3.06909 -3.09563 1.00736 
6.18526 9.39084 1.01071 
-9.41885 15.6744 1.00116 
0.00451813 -12.5146 1.0027 
6.35835 -12.6126 1.00778 
6.22363 -6.25859 1.00415 
3.10944 3.06947 1.00623 
6.29427 12.5402 1.00081 
15.7563 9.39933 1.00298 
-0.0193358 9.37548 1.0028 
-9.34992 15.6499 1.00896 
9.37584 -6.37241 1.01033 
3.06255 15.7153 1.00629 
15.6773 9.40193 1.00146 
-3.16969 -3.14113 1.00079 
18.9063 -9.3662 1.00665 
15.6606 15.7358 1.00302 
-0.100439 -0.0120334 0.911217 
12.5727 6.18816 1.00904 
12.5878 -9.37828 1.00262 
-3.08817 -15.6952 1.00301 
-12.6024 -15.7954 1.00892 
3.05097 3.11681 1.0088 
9.34592 -18.8948 1.00825 
-15.6495 -6.33723 1.00633 
-15.7436 3.1642 1.00178 
9.51153 -6.32213 1.00902 
-0.0929889 6.26271 1.00904 
-6.32232 0.0326672 1.0026 
-3.18249 9.41489 1.00177 
-9.47793 -3.13533 1.00286 
-3.17151 0.0282315 1.00169 
-9.45937 9.43799 1.00137 
12.6241 9.45088 1.00401 
-6.25048 6.37173 1.00889 
-6.24333 0.03769 1.00301 
-6.37309 -3.17932 1.00948 
15.6934 -15.648 1.0038 
12.4855 9.48098 1.00968 
18.909 15.6414 1.00796 
6.34936 -18.9253 1.0101 
-15.6551 18.7664 1.0097 
18.8472 -6.37201 1.00788 
6.257 -3.16763 1.00136 
-3.13398 6.21685 1.00445 
9.46689 3.06566 1.00753 
3.11315 -6.25728 1.00148 
-3.18778 3.23201 1.01029 
-0.0336385 6.32658 1.00301 
12.6032 -15.7402 1.00239 
12.6006 9.51316 1.00896 
-9.46728 -18.8003 1.00423 
-15.7553 3.14131 1.00224 
0.087796 -12.5981 1.00869 
-6.38396 -6.27412 1.0102 
-9.50834 -12.5084 1.01032 
-6.23052 -9.4655 1.00443 
3.1636 9.38065 1.00243 
12.5397 15.7169 1.00079 
3.16388 9.34704 1.00653 
6.32624 -0.0480807 1.00416 
3.17292 -15.7705 1.00488 
-6.20592 18.8951 1.00803 
9.42661 6.30563 1.00051 
0.053866 -0.0233122 0.903786 
9.3758 0.0661407 1.00676 
-3.16958 -3.20497 1.00479 
6.2525 -12.5096 1.00416 
0.0971983 -18.8434 1.00946 
15.6335 18.7847 1.00974 
3.13288 -3.06886 1.00536 
-15.7777 9.44529 1.00528 
9.35316 -12.6257 1.00863 
-12.6485 -0.0359682 1.00802 
-6.25201 -15.7458 1.0024 
9.34409 -9.424 1.0065 
-12.5921 0.0201942 1.00107 
12.6567 -3.15135 1.00823 
12.5375 -9.38876 1.00213 
3.20822 12.5512 1.00466 
6.32523 -18.893 1.00365 
3.0966 18.8705 1.00246 
-6.28426 -9.38312 1.00174 
15.7296 -3.20472 1.00445 
-9.47159 6.19871 1.00931 
-9.50171 -0.0520046 1.00861 
-12.5613 -3.11879 1.00055 
-6.29753 -6.22977 1.00306 
6.31609 -0.0042221 1.0011 
-0.270598 -0.110808 0.991876 
0.0946132 15.6768 1.0099 
12.5148 -3.06392 1.00868 
-18.7692 -3.17656 1.00766 
-0.120333 0.119813 0.931539 
0.0268226 0.00210657 0.900796 
-18.9446 12.5881 1.00947 
-0.0820129 -6.25537 1.00748 
-15.7075 -15.6822 1.00067 
-18.8242 3.20387 1.00451 
15.7013 -18.8136 1.00134 
-0.0282572 -3.16323 1.00126 
-12.5096 15.6793 1.00404 
6.28143 -9.50787 1.00689 
3.17103 6.26893 1.00107 
-3.14677 -0.00616661 1.00006 
0.0660917 -6.25021 1.00545 
-18.8208 -6.25567 1.00158 
6.27104 -9.45151 1.00086 
3.18537 -18.8431 1.00196 
-9.50295 -9.39072 1.00726 
-0.0483044 12.5003 1.00669 
6.21723 12.5242 1.00612 
-12.5662 9.47936 1.00298 
6.29514 3.2068 1.00439 
-15.792 0.0543967 1.01 
9.50885 -15.6855 1.00756 
0.0179032 -12.4833 1.0072 
3.22882 12.5452 1.00804 
9.32811 18.8288 1.00974 
-18.8819 -18.9152 1.00535 
9.38269 6.32572 1.00358 
0.0933432 -15.7195 1.00882 
-12.6512 -12.6228 1.01036 
9.46147 12.5839 1.00165 
-9.51116 12.5503 1.0077 
12.5048 15.6424 1.00808 
6.23125 0.0382963 1.00416 
-3.10094 6.29764 1.00186 
6.30092 15.7526 1.0023 
-3.15714 -18.852 1.00025 
3.08649 12.5544 1.00318 
-9.38667 12.5881 1.00193 
0.0344493 6.35297 1.00605 
-6.26573 18.7912 1.00371 
-15.701 6.34795 1.00424 
-6.26859 9.43898 1.00041 
18.8885 18.8524 1.00153 
-15.7446 -0.096103 1.01055 
-6.25203 -6.36162 1.00711 
-9.52082 -6.30444 1.00965 
-3.12496 0.0456919 1.00236 
-3.12874 -3.04392 1.00967 
0.0355931 0.10715 0.91397 
-12.6345 -15.6832 1.00525 
-15.7211 9.33739 1.00779 
6.25949 -3.04373 1.01011 
12.4921 -18.8986 1.0079 
-0.0738764 -18.8612 1.00558 
-9.33854 12.5732 1.00747 
9.38033 0.00646979 1.00202 
-3.19792 -3.09372 1.00546 
-9.37935 18.7574 1.01052 
-9.33464 -18.8125 1.00947 
-15.6582 -9.40633 1.00281 
3.24221 -18.8596 1.01019 
15.7017 12.6459 1.00634 
18.8646 15.7192 1.00035 
6.22257 12.6408 1.00919 
3.17961 -0.0443705 1.00341 
-6.36913 6.26452 1.00772 
6.27929 9.38262 1.00179 
-9.45044 9.37546 1.00309 
-0.00903281 12.5472 1.00045 
3.09459 3.05758 1.00925 
-12.6563 -12.6054 1.00959 
-12.4839 18.8612 1.00693 
12.5784 9.38569 1.00167 
15.762 -3.22257 1.00946 
-0.0595276 0.0935424 0.913486 
-6.35195 18.8608 1.00485 
15.6446 -15.636 1.00918 
-12.5534 -12.5865 1.00057 
-6.31701 6.26029 1.00167 
9.40317 -12.5128 1.00334 
-3.10499 -15.6307 1.0073 
18.8969 -12.4806 1.00958 
9.49377 -6.25084 1.0058 
6.26738 -15.635 1.00556 
-18.8728 9.3987 1.00122 
-6.30387 -18.9479 1.01007 
0.00863495 -0.220025 0.952442 
9.37406 15.7027 1.0026 
0.0151399 -18.7937 1.00334 
0.0184446 -18.7775 1.00552 
-12.5942 -6.33517 1.00348 
-6.36255 15.6712 1.00764 
-6.3365 6.22285 1.00648 
12.4905 9.45202 1.00648 
-0.0370018 -3.16475 1.0019 
15.6724 -0.0411072 1.00296 
0.0417718 -6.31204 1.00258 
18.7976 -3.21181 1.00762 
9.4581 9.37068 1.00403 
15.7668 18.8604 1.00358 
15.6847 0.0145309 1.00075 
3.11089 3.15087 1.00103 
6.2447 -12.6384 1.00665 
15.668 -15.6547 1.00443 
6.35091 -9.49647 1.00971 
12.4844 -9.41321 1.00684 
6.34329 18.911 1.00737 
12.6282 -0.0635563 1.00786 
9.38005 3.11282 1.00283 
-6.31379 0.017293 1.00124 
-3.2221 12.539 1.00721 
-9.42301 -18.9058 1.00316 
3.23424 9.43716 1.00871 
-15.6288 3.14262 1.00625 
-18.9434 3.18059 1.0103 
-3.1213 -12.6235 1.00367 
-0.00280772 -12.4692 1.00941 
12.642 12.5895 1.00625 
6.3688 -6.27218 1.00743 
3.22044 6.31757 1.00739 
-15.7094 -18.9031 1.00287 
15.6597 -3.1303 1.00245 
-6.37682 -9.41039 1.00895 
9.34451 -9.38548 1.00797 
6.3242 9.45461 1.00257 
-12.5042 3.14949 1.00392 
3.17532 12.535 1.00212 
3.17165 9.37099 1.00379 
18.8639 0.0215272 1.00067 
15.7828 -9.46317 1.00706 
-3.10269 -15.7319 1.00209 
18.7742 -12.5448 1.00613 
-15.6691 -9.51454 1.00955 
9.42486 9.3813 1.00189 
-12.5259 6.28857 1.00167 
3.23088 -3.09157 1.01045 
3.05618 0.0523864 1.01001 
12.5435 -18.9013 1.0032 
-12.5995 18.9083 1.00455 
12.5077 0.0516084 1.0061 
3.15073 6.21317 1.00498 
-6.24776 9.46868 1.00318 
18.7781 0.0272008 1.00583 
-9.49947 -15.691 1.00586 
-0.0314462 3.22499 1.00792 
-6.2939 0.0275018 1.00087 
9.3368 -9.41146 1.0079 
15.6718 -9.40761 1.0016 
-6.33804 0.071079 1.00805 
-15.7321 15.6499 1.00395 
18.7727 -6.32198 1.0074 
15.6968 -3.05434 1.00772 
-0.0326227 -0.230124 0.958352 
0.00918593 -15.7035 1.0001 
-15.7759 -15.6934 1.00482 
0.018296 -9.51611 1.00865 
-6.33035 6.29139 1.00229 
0.00301064 18.8817 1.00104 
9.37904 12.6125 1.00422 
-9.42712 3.2199 1.00613 
9.41682 -3.22984 1.00783 
-12.5615 15.7546 1.0022 
15.739 -9.35867 1.00532 
-6.28794 -12.6068 1.00166 
-18.7534 -12.5809 1.00943 
3.12813 -15.8024 1.00908 
-12.5995 0.0895189 1.00909 
12.5313 -12.6631 1.01056 
