2.06959
2.06852
2.06518
2.06349
2.06032
2.05527
2.05436
2.05324
2.05023
2.04471
2.04255
2.04242
2.04023
2.03893
2.03347
2.02774
2.02377
2.01805
2.01634
2.013
2.01132
2.01077
1.99941
1.99937
1.99353
1.99241
1.99079
1.98921
1.98405
1.97893
1.97886
1.97727
1.97555
1.97231
1.96936
1.96753
1.96586
1.96351
1.96173
1.96038
1.96028
1.95855
1.95805
1.95729
1.95432
1.94829
1.94544
1.94012
1.93421
1.93127
1.93032
1.92931
1.92882
1.92862
1.92815
1.92768
1.92435
1.92282
1.92095
1.91668
1.91403
1.91321
1.91185
1.90898
1.9083
1.90328
1.90079
1.90009
1.89863
1.89615
1.89485
1.89391
1.88425
1.88339
1.8795
1.87185
1.87006
1.86975
1.86291
1.85751
1.85577
1.84891
1.84848
1.84411
1.84355
1.83896
1.83831
1.83524
1.83359
1.83344
1.83299
1.83264
1.83178
1.82993
1.82224
1.82085
1.81719
1.81328
1.81209
1.80865
1.80678
1.8026
1.80046
1.79452
1.79298
1.79116
1.78639
1.78625
1.78323
1.78125
1.76784
1.76576
1.76564
1.76285
1.76194
1.76101
1.75959
1.75636
1.75248
1.75165
1.74557
1.74545
1.74468
1.74414
1.7379
1.73302
1.72829
1.72818
1.72649
1.72491
1.72352
1.71355
1.71119
1.71072
1.70692
1.70581
1.7045
1.69674
1.69494
1.6942
1.68785
1.6858
1.67645
1.67591
1.67183
1.66727
1.66696
1.66635
1.66047
1.65852
1.65751
1.65653
1.65646
1.65387
1.65282
1.65256
1.65248
1.64934
1.64874
1.64339
1.64273
1.64187
1.63838
1.63751
1.6373
1.63637
1.6362
1.63226
1.63094
1.6251
1.62278
1.6204
1.61779
1.61345
1.61298
1.61231
1.61183
1.61023
1.60651
1.59714
1.59351
1.59338
1.58901
1.58616
1.58593
1.58404
1.58256
1.58222
1.58071
1.57861
1.57532
1.569
1.56878
1.56397
1.56063
1.55945
1.5526
1.54974
1.54258
1.54227
1.54132
1.53963
1.5387
1.53659
1.53374
1.53261
1.53162
1.53153
1.53013
1.52909
1.52668
1.52615
1.52527
1.52357
1.52325
1.51929
1.51862
1.51757
1.51697
1.51337
1.51183
1.5113
1.51104
1.50694
1.50671
1.5066
1.50621
1.50544
1.50538
1.50338
1.50276
1.49996
1.49848
1.49803
1.49709
1.49435
1.4914
1.49074
1.49022
1.49017
1.48933
1.48537
1.48522
1.48454
1.48381
1.48368
1.48242
1.48183
1.48105
1.48052
1.48015
1.47433
1.47283
1.47215
1.46907
1.46261
1.46189
1.45822
1.45733
1.45571
1.45411
1.45383
1.45199
1.44967
1.44898
1.4489
1.44611
1.44604
1.44405
1.4433
1.44211
1.43892
1.43641
1.43598
1.43516
1.43449
1.43254
1.43166
1.43081
1.43039
1.42977
1.42974
1.42733
1.42724
1.42592
1.42483
1.42384
1.42252
1.4197
1.41959
1.41792
1.41674
1.41594
1.41444
1.41367
1.41361
1.40926
1.40845
1.40817
1.40389
1.40176
1.39562
1.39301
1.39275
1.38997
1.38821
1.38144
1.38119
1.37938
1.37717
1.37555
1.37488
1.37316
1.37084
1.36957
1.36928
1.36685
1.36655
1.36204
1.35942
1.35895
1.35675
1.35549
1.35502
1.35399
1.3536
1.35164
1.3487
1.34829
1.34696
1.34596
1.34585
1.34516
1.34362
1.34242
1.3409
1.34031
1.33953
1.3385
1.33826
1.33528
1.33418
1.33182
1.33178
1.33029
1.32938
1.32909
1.32855
1.32792
1.32619
1.3227
1.3218
1.32147
1.3168
1.31656
1.31588
1.31555
1.31514
1.31474
1.31411
1.31368
1.31067
1.30905
1.30872
1.30713
1.30588
1.3042
1.30058
1.29949
1.2976
1.29715
1.2962
1.29564
1.29415
1.29156
1.29155
1.28833
1.28694
1.28378
1.28356
1.28325
1.28283
1.28225
1.27851
1.27753
1.27748
1.27632
1.27393
1.27292
1.27267
1.2701
1.26947
1.26825
1.2674
1.26701
1.26698
1.26678
1.26668
1.2665
1.26536
1.26352
1.26143
1.26137
1.26012
1.25894
1.2589
1.25773
1.25626
1.25506
1.25475
1.25224
1.25105
1.25066
1.24892
1.2483
1.24638
1.24473
1.24439
1.24309
1.24109
1.2408
1.23946
1.23831
1.23813
1.23799
1.23782
1.23647
1.23631
1.23559
1.23425
1.23339
1.23267
1.23065
1.2297
1.22932
1.22791
1.22476
1.22238
1.22184
1.22096
1.22045
1.21854
1.21771
1.21671
1.21524
1.21409
1.21388
1.21373
1.2136
1.21228
1.2122
1.21094
1.21056
1.20948
1.20931
1.20908
1.20829
1.20604
1.2045
1.2043
1.20373
1.20233
1.20224
1.20174
1.20133
1.1996
1.19888
1.19689
1.19664
1.19642
1.19488
1.19359
1.19341
1.19252
1.19221
1.19209
1.19154
1.19046
1.18986
1.18965
1.188
1.18674
1.18655
1.1864
1.18354
1.18306
1.1824
1.18226
1.1822
1.18208
1.18194
1.18098
1.18067
1.18035
1.18004
1.17985
1.17904
1.17883
1.17876
1.17735
1.17509
1.17238
1.17195
1.17155
1.17151
1.17061
1.17058
1.16818
1.16811
1.16761
1.16482
1.16482
1.16411
1.16319
1.16179
1.16132
1.16044
1.15993
1.15991
1.15988
1.15843
1.158
1.15795
1.15777
1.15742
1.15646
1.15605
1.15517
1.15495
1.15481
1.15475
1.15338
1.15337
1.15235
1.15199
1.15197
1.15174
1.15104
1.15029
1.14971
1.14955
1.14788
1.14787
1.14779
1.14737
1.14546
1.14387
1.14372
1.1424
1.14187
1.1417
1.14169
1.14021
1.13921
1.13883
1.13799
1.13725
1.13706
1.13689
1.13559
1.13555
1.13505
1.13477
1.13406
1.13394
1.13339
1.13201
1.13098
1.13095
1.1301
1.12938
1.12915
1.12809
1.12802
1.12754
1.12711
1.12625
1.12421
1.12396
1.12321
1.12302
1.1226
1.11989
1.11976
1.11962
1.11955
1.11924
1.11692
1.11596
1.11531
1.11318
1.11276
1.11261
1.1123
1.11229
1.11132
1.10875
1.10787
1.10763
1.10727
1.10672
1.10556
1.10556
1.10527
1.10313
1.10309
1.10262
1.10251
1.10198
1.10164
1.10154
1.10136
1.10064
1.10031
1.09981
1.09937
1.09864
1.0986
1.09856
1.09843
1.09769
1.09684
1.09535
1.09469
1.09462
1.09417
1.09357
1.09347
1.09332
1.09134
1.09108
1.09086
1.09058
1.09023
1.09018
1.09014
1.08951
1.0881
1.08762
1.0867
1.0862
1.08565
1.08549
1.08522
1.08507
1.08467
1.08441
1.08404
1.0833
1.08242
1.08241
1.08212
1.08204
1.08199
1.08129
1.07989
1.07841
1.0784
1.07813
1.07707
1.077
1.0769
1.07685
1.0766
1.07635
1.07613
1.07606
1.076
1.07563
1.07454
1.07441
1.07397
1.0738
1.07357
1.07352
1.07342
1.07332
1.07284
1.07275
1.0718
1.07111
1.07095
1.07004
1.06913
1.06842
1.06827
1.06819
1.06814
1.06777
1.06686
1.06624
1.06569
1.06543
1.06441
1.06425
1.06402
1.06297
1.06294
1.06254
1.06241
1.0624
1.06198
1.0612
1.06046
1.05988
1.05987
1.05942
1.05851
1.05774
1.05753
1.05719
1.05718
1.056
1.05591
1.0557
1.05445
1.0543
1.05422
1.05418
1.05375
1.05371
1.05307
1.05236
1.05226
1.05217
1.05114
1.05005
1.05
1.04981
1.04894
1.04892
1.04737
1.04603
1.04581
1.04577
1.04574
1.04537
1.04383
1.04308
1.04282
1.04277
1.0425
1.04184
1.04166
1.04136
1.04103
1.04098
1.03972
1.0352
1.0347
1.03438
1.03432
1.0342
1.03414
1.03111
1.03094
1.03039
1.02957
1.02927
1.02896
1.02847
1.02818
1.028
1.02666
1.02601
1.02549
1.02502
1.02417
1.0234
1.0234
1.02242
1.02216
1.02211
1.02115
1.02113
1.02035
1.01984
1.0184
1.0179
1.01619
1.01581
1.01499
1.01499
1.01486
1.01408
1.01399
1.0139
1.01367
1.0132
1.01318
1.01268
1.01088
1.01027
1.00999
1.00968
1.00863
1.00816
1.00792
1.00775
1.00771
1.00624
1.00568
1.00561
1.00546
1.00455
1.00391
1.00383
1.00191
1.0015
0.999927
0.999137
0.998549
0.998479
0.998402
0.998088
0.997981
0.997309
0.996751
0.996433
0.99636
0.995789
0.995452
0.9953
0.995244
0.994467
0.99414
0.993942
0.993429
0.993428
0.99317
0.993125
0.992959
0.992682
0.992652
0.991852
0.991623
0.990975
0.990501
0.9903
0.989274
0.989097
0.988599
0.98858
0.987936
0.987179
0.986455
0.986329
0.985893
0.985629
0.98543
0.985391
0.985178
0.983893
0.983851
0.983359
0.982422
0.981268
0.981143
0.980686
0.97997
0.979445
0.979395
0.979133
0.978717
0.978106
0.978096
0.97773
0.977476
0.976525
0.976512
0.975849
0.975424
0.975309
0.97506
0.974867
0.9742
0.97392
0.973659
0.97333
0.973159
0.973101
0.972899
0.972686
0.972244
0.972206
0.972127
0.971314
0.971207
0.970884
0.970618
0.970577
0.96974
0.968673
0.968192
0.967578
0.96729
0.96632
0.965603
0.964714
0.963768
0.963565
0.963396
0.961968
0.961553
0.96095
0.959417
0.95937
0.95922
0.957818
0.957728
0.954557
0.953915
0.953382
0.950384
0.950365
0.94993
0.949887
0.947675
0.947445
0.946404
0.946019
0.943947
0.941987
0.941377
0.939517
0.93929
0.93862
0.938355
0.937793
0.937787
0.936184
0.935229
0.933751
0.933568
0.932491
0.932462
0.93133
0.931298
0.930822
0.929978
0.929472
0.929109
0.92865
0.928172
0.926688
0.926129
0.925391
0.924136
0.924099
0.923358
0.922685
0.92124
0.920276
0.919269
0.918524
0.918484
0.916527
0.915555
0.914416
0.914385
0.914376
0.914199
0.913406
0.912709
0.912619
0.912063
0.911659
0.910671
0.909946
0.909918
0.909775
0.909426
0.90939
0.908423
0.908195
0.907913
0.906893
0.906279
0.905647
0.905353
0.90523
0.904775
0.904083
0.903843
0.903568
0.903467
0.902955
0.902357
0.902321
0.902039
0.901667
0.899808
0.899216
0.898886
0.898885
0.898508
0.898294
0.897668
0.897416
0.896778
0.896472
0.895341
0.895059
0.893862
0.893631
0.892523
0.892457
0.892371
0.892247
0.891628
0.890247
0.889488
0.888963
0.888433
0.888325
0.888325
0.88779
0.887652
0.887465
0.886666
0.886666
0.886022
0.885471
0.884967
0.884887
0.88459
0.883561
0.883327
0.88088
0.878876
0.878812
0.877826
0.877796
0.877685
0.877659
0.875473
0.874877
0.874466
0.873795
0.873221
0.872942
0.871515
0.871127
0.870439
0.869949
0.869689
0.869135
0.869038
0.868444
0.867681
0.866699
0.866456
0.866313
0.866079
0.865835
0.864782
0.864694
0.863543
0.862998
0.862739
0.862139
0.861498
0.860346
0.859586
0.859352
0.85794
0.857365
0.856517
0.856055
0.855579
0.852745
0.85256
0.851749
0.851705
0.851035
0.850607
0.85055
0.850343
0.850106
0.848607
0.846968
0.846207
0.845963
0.845586
0.844192
0.843701
0.843187
0.843152
0.843151
0.842159
0.842118
0.842118
0.841481
0.841111
0.839853
0.839695
0.839658
0.839618
0.839112
0.838878
0.838156
0.837713
0.837378
0.835613
0.835257
0.834834
0.83346
0.833144
0.833076
0.832987
0.832114
0.831577
0.831446
0.829232
0.829186
0.828982
0.827627
0.826246
0.824949
0.8241
0.823171
0.822915
0.822639
0.822586
0.822353
0.821398
0.821241
0.820206
0.819758
0.819497
0.818633
0.818246
0.817401
0.817079
0.816963
0.81657
0.816069
0.81602
0.815769
0.815021
0.813959
0.811301
0.811297
0.811253
0.810564
0.810405
0.810405
0.809321
0.808933
0.808862
0.808844
0.807375
0.807349
0.806799
0.806542
0.804606
0.804034
0.803504
0.803227
0.802435
0.802167
0.801581
0.801149
0.80067
0.799933
0.799601
0.799153
0.798738
0.798463
0.797418
0.796878
0.796797
0.79649
0.795843
0.795737
0.795513
0.794487
0.794214
0.793878
0.792898
0.79282
0.792243
0.792062
0.791598
0.79136
0.791265
0.790531
0.789892
0.78961
0.78949
0.788877
0.788701
0.788349
0.787924
0.787266
0.78685
0.786687
0.786637
0.786621
0.786297
0.784928
0.784793
0.783406
0.782022
0.779895
0.779529
0.779476
0.779075
0.778766
0.778739
0.778038
0.777434
0.777035
0.777022
0.776542
0.776199
0.776196
0.775505
0.774974
0.773186
0.772496
0.771616
0.771501
0.768931
0.767761
0.767591
0.767203
0.767009
0.766988
0.766809
0.766268
0.76603
0.764526
0.764438
0.763681
0.763271
0.762589
0.762585
0.761723
0.761432
0.760383
0.760375
0.760188
0.758815
0.758001
0.757883
0.757649
0.757599
0.757438
0.755892
0.754962
0.754806
0.754226
0.753628
0.753247
0.753198
0.752198
0.75136
0.751039
0.750251
0.749313
0.748769
0.748556
0.7484
0.747755
0.747617
0.746788
0.745688
0.745647
0.744285
0.744076
0.743362
0.743165
0.743164
0.741256
0.741069
0.740958
0.740745
0.74074
0.737816
0.737552
0.737421
0.736228
0.735338
0.735326
0.735316
0.734817
0.733972
0.733671
0.732955
0.73265
0.731914
0.731377
0.731101
0.730637
0.729952
0.72982
0.729148
0.729131
0.728954
0.728772
0.727849
0.727725
0.727502
0.727167
0.726423
0.7258
0.724992
0.724798
0.724242
0.724218
0.72367
0.723573
0.723161
0.722413
0.72238
0.722139
0.721961
0.721171
0.721122
0.720719
0.720625
0.720106
0.719952
0.719034
0.717369
0.716666
0.7159
0.713996
0.712606
0.711248
0.710402
0.710049
0.709666
0.709531
0.709403
0.70747
0.706974
0.70607
0.705876
0.705533
0.704741
0.704122
0.703129
0.702529
0.702128
0.7021
0.702062
0.701685
0.701554
0.701229
0.701159
0.700757
0.700379
0.700092
0.699161
0.698228
0.698088
0.697949
0.696331
0.696308
0.695488
0.695418
0.695305
0.69499
0.694897
0.694514
0.693815
0.690292
0.689652
0.689607
0.688808
0.688461
0.688279
0.687943
0.686982
0.686626
0.686189
0.685889
0.685827
0.685414
0.685177
0.684524
0.684454
0.684193
0.683956
0.683883
0.68258
0.680971
0.680862
0.680047
0.679535
0.677891
0.677023
0.67683
0.676351
0.675933
0.675846
0.675824
0.675236
0.675175
0.675051
0.675009
0.674704
0.674229
0.673776
0.672899
0.672753
0.672046
0.671139
0.670783
0.670385
0.669184
0.669084
0.66894
0.667965
0.667911
0.667361
0.667101
0.666653
0.664604
0.664077
0.663843
0.663773
0.663217
0.663184
0.661917
0.661564
0.661521
0.661317
0.661136
0.660849
0.660619
0.659754
0.657807
0.657363
0.656905
0.656199
0.655754
0.655207
0.654809
0.654708
0.654342
0.654138
0.654001
0.653995
0.653816
0.653758
0.653604
0.652515
0.652262
0.651724
0.651147
0.651042
0.649943
0.647538
0.645733
0.645478
0.644693
0.644456
0.644221
0.643881
0.643148
0.641907
0.640802
0.639388
0.637081
0.636504
0.635643
0.634249
0.633695
0.631569
0.631123
0.630561
0.63007
0.629823
0.629821
0.629554
0.62947
0.629122
0.628843
0.62884
0.628657
0.627708
0.627306
0.626442
0.625973
0.623985
0.62347
0.623253
0.622823
0.621831
0.621646
0.621397
0.621143
0.620912
0.620197
0.61744
0.616513
0.616022
0.615915
0.615844
0.6153
0.614903
0.614412
0.614113
0.612946
0.612946
0.612483
0.611886
0.611742
0.611363
0.610607
0.610319
0.609413
0.609182
0.607956
0.607755
0.607379
0.607066
0.606617
0.606225
0.60551
0.605152
0.604967
0.604645
0.604378
0.604286
0.603449
0.603404
0.603017
0.603
0.602269
0.601172
0.600517
0.599873
0.599575
0.599448
0.599342
0.599216
0.598619
0.597836
0.597527
0.597195
0.596931
0.59679
0.596163
0.596035
0.59572
0.595564
0.595472
0.595304
0.595144
0.594605
0.594581
0.60186
0.601767
0.601405
0.601333
0.600964
0.600853
0.599718
0.599468
0.599382
0.598852
0.59701
0.596568
0.596139
0.594943
0.59473
0.594313
0.591602
0.591245
0.591144
0.590664
0.590361
0.590126
0.58978
0.588717
0.587735
0.587464
0.587435
0.586333
0.585556
0.584939
0.584703
0.584364
0.584169
0.58411
0.583912
0.583588
0.583444
0.583194
0.581703
0.581701
0.581485
0.58114
0.581087
0.580824
0.58069
0.580333
0.58032
0.580023
0.579643
0.578914
0.578514
0.578293
0.577603
0.577306
0.577122
0.576735
0.576109
0.574885
0.574627
0.574553
0.574517
0.574417
0.574008
0.573561
0.57342
0.573353
0.57332
0.573155
0.573061
0.573008
0.572558
0.572154
0.57208
0.572072
0.572029
0.571445
0.569652
0.569316
0.569096
0.568481
0.568357
0.5672
0.567087
0.566115
0.565273
0.564457
0.564405
0.564375
0.563835
0.563683
0.563669
0.563047
0.562938
0.562332
0.561969
0.561798
0.561486
0.561381
0.560437
0.560333
0.560195
0.559994
0.559267
0.558951
0.557668
0.557574
0.55736
0.557189
0.556658
0.556641
0.555878
0.555518
0.555487
0.554786
0.554623
0.554343
0.553918
0.55391
0.553632
0.552045
0.551224
0.551038
0.55089
0.550779
0.550227
0.549323
0.549266
0.54893
0.548907
0.548234
0.548091
0.547951
0.546828
0.546391
0.546361
0.544916
0.544023
0.543997
0.543449
0.543275
0.5423
0.542264
0.541882
0.540805
0.540524
0.540192
0.540009
0.539345
0.539246
0.538643
0.538563
0.538277
0.53814
0.537558
0.537556
0.537192
0.53708
0.536786
0.5367
0.536296
0.536262
0.536079
0.535266
0.534195
0.534081
0.533784
0.533558
0.533377
0.533058
0.532694
0.532609
0.532311
0.53196
0.531525
0.531483
0.531093
0.530395
0.530134
0.529759
0.529639
0.528022
0.52802
0.527941
0.52774
0.527572
0.527188
0.526739
0.526578
0.526454
0.526307
0.525753
0.525431
0.525213
0.525213
0.52512
0.525094
0.524573
0.524522
0.524389
0.524347
0.523284
0.522362
0.522345
0.522149
0.521412
0.521099
0.521078
0.520676
0.517888
0.517464
0.516587
0.515718
0.515648
0.51465
0.514131
0.51397
0.513215
0.512228
0.512078
0.511965
0.511878
0.511211
0.510982
0.510376
0.509856
0.509063
0.508214
0.507671
0.50731
0.505602
0.504797
0.504331
0.50314
0.502669
0.502588
0.502041
0.501044
0.50032
0.499984
0.499645
0.498797
0.498185
0.498017
0.49699
0.496449
0.496232
0.496106
0.495975
0.494524
0.494499
0.49435
0.493448
0.493226
0.493121
0.493071
0.49253
0.49236
0.492348
0.491992
0.491352
0.491229
0.491034
0.490532
0.490433
0.490322
0.488398
0.48835
0.487714
0.487477
0.487284
0.486574
0.485916
0.485737
0.48536
0.485052
0.484648
0.484463
0.483448
0.483153
0.482947
0.482752
0.482642
0.482599
0.481455
0.480943
0.480575
0.480427
0.480418
0.480172
0.479828
0.47919
0.478925
0.478285
0.477608
0.476854
0.476168
0.476068
0.475822
0.475443
0.47495
0.474106
0.472816
0.472345
0.472229
0.472184
0.47217
0.471874
0.471833
0.471589
0.471058
0.470808
0.470049
0.469347
0.469334
0.469219
0.469096
0.468262
0.467928
0.467546
0.467286
0.466806
0.466104
0.465529
0.465399
0.465158
0.464766
0.463963
0.463555
0.463319
0.463147
0.462566
0.460836
0.460741
0.459906
0.459769
0.458828
0.458602
0.45816
0.457981
0.456693
0.456526
0.456341
0.455976
0.455952
0.455537
0.455251
0.45472
0.454513
0.454435
0.453992
0.453878
0.453752
0.453581
0.453569
0.453509
0.452611
0.452377
0.45162
0.451451
0.45032
0.449632
0.449074
0.448239
0.447714
0.446133
0.445699
0.444858
0.444801
0.44454
0.443924
0.443638
0.443479
0.442855
0.442407
0.442087
0.439501
0.43946
0.439048
0.438514
0.438338
0.437626
0.437099
0.436696
0.436645
0.435083
0.434969
0.434487
0.434401
0.434335
0.433707
0.433628
0.433073
0.432858
0.432497
0.432127
0.431827
0.431318
0.431004
0.430454
0.430434
0.430253
0.430057
0.42914
0.428934
0.428908
0.428881
0.428705
0.428626
0.428474
0.428385
0.427197
0.427081
0.426804
0.426516
0.425741
0.425648
0.425238
0.425149
0.424701
0.424373
0.423821
0.423783
0.423093
0.42304
0.422772
0.422563
0.422509
0.422155
0.421859
0.420418
0.420352
0.419916
0.419839
0.41941
0.41932
0.418812
0.418519
0.418381
0.418344
0.418295
0.417975
0.417854
0.416826
0.416716
0.416122
0.415788
0.41559
0.415549
0.415198
0.415183
0.414771
0.41468
0.414283
0.413488
0.413428
0.413087
0.412995
0.412623
0.412421
0.411581
0.411571
0.411532
0.411467
0.411312
0.410068
0.410013
0.408859
0.408763
0.408636
0.40792
0.406659
0.40644
0.406323
0.406153
0.406103
0.405315
0.404699
0.404191
0.403867
0.403511
0.403377
0.40335
0.403339
0.403313
0.403163
0.401638
0.400503
0.400262
0.400257
0.399769
0.399461
0.39927
0.398984
0.398879
0.398858
0.398338
0.398193
0.398128
0.397629
0.396888
0.396249
0.395657
0.395575
0.395551
0.395179
0.395157
0.394683
0.394395
0.393941
0.392704
0.392449
0.392001
0.39199
0.391613
0.391253
0.390863
0.390689
0.39048
0.389846
0.389524
0.389443
0.389426
0.389083
0.389044
0.388961
0.388942
0.388847
0.388779
0.388744
0.38779
0.387343
0.38701
0.386498
0.386209
0.385889
0.385618
0.385583
0.385309
0.38498
0.384894
0.384091
0.383805
0.383624
0.383602
0.383218
0.382841
0.382607
0.382417
0.382371
0.382274
0.381458
0.381193
0.380533
0.380527
0.380107
0.379715
0.37819
0.377653
0.377494
0.377464
0.376968
0.376968
0.376421
0.375597
0.375478
0.375392
0.374623
0.374092
0.373937
0.373842
0.373722
0.373548
0.373264
0.372632
0.37236
0.37206
0.371869
0.37168
0.371583
0.371446
0.37122
0.371164
0.370712
0.369759
0.369637
0.369052
0.368722
0.368574
0.3685
0.367676
0.367396
0.367033
0.366949
0.366498
0.36629
0.366276
0.366177
0.366116
0.366063
0.365531
0.364819
0.364474
0.364335
0.364234
0.364157
0.364118
0.363548
0.363448
0.363332
0.362916
0.362682
0.362361
0.362087
0.361815
0.361538
0.361213
0.361178
0.360647
0.360239
0.36008
0.359925
0.359662
0.359651
0.359239
0.359083
0.358763
0.358583
0.358549
0.358201
0.357924
0.357569
0.357151
0.356999
0.356818
0.356406
0.35583
0.355755
0.355561
0.355377
0.355019
0.354994
0.35461
0.354534
0.354461
0.354414
0.35417
0.35411
0.353831
0.353599
0.353539
0.353498
0.353108
0.352894
0.35276
0.352604
0.352132
0.351759
0.351732
0.351587
0.351572
0.351354
0.351156
0.351145
0.350047
0.349477
0.349193
0.349099
0.348291
0.34782
0.347801
0.347494
0.347331
0.347277
0.346917
0.346726
0.345779
0.345447
0.345354
0.345219
0.345119
0.344398
0.344321
0.344157
0.342998
0.342904
0.342729
0.342273
0.342264
0.34201
0.341805
0.341231
0.340895
0.340802
0.340523
0.340451
0.34041
0.340245
0.33999
0.339973
0.33995
0.339259
0.339166
0.339123
0.339077
0.339054
0.339029
0.338992
0.33895
0.338871
0.338842
0.338578
0.33845
0.338377
0.338301
0.337955
0.337372
0.337229
0.33707
0.336836
0.336784
0.336625
0.336545
0.336434
0.336365
0.336159
0.336106
0.336029
0.33565
0.334772
0.334154
0.333718
0.333335
0.333157
0.332714
0.332599
0.332476
0.331642
0.330996
0.33034
0.330102
0.330094
0.329876
0.32964
0.329557
0.329311
0.329093
0.328939
0.32888
0.328818
0.328736
0.328615
0.328395
0.327816
0.327748
0.327547
0.327325
0.327205
0.327141
0.326945
0.326207
0.326198
0.325926
0.324971
0.324481
0.324437
0.324008
0.32347
0.323406
0.322996
0.322952
0.322928
0.322876
0.322833
0.322724
0.321926
0.321654
0.321424
0.321399
0.321153
0.321041
0.320963
0.320941
0.32075
0.320627
0.320243
0.320155
0.320123
0.320063
0.319691
0.319363
0.318372
0.318206
0.318178
0.318171
0.318144
0.31802
0.317443
0.317411
0.317283
0.316837
0.316775
0.316473
0.316259
0.316119
0.315983
0.315738
0.315485
0.315132
0.315121
0.314555
0.314464
0.314121
0.314111
0.313888
0.31378
0.313755
0.313651
0.313522
0.313458
0.313445
0.313029
0.312886
0.312157
0.312036
0.311704
0.311535
0.311531
0.31152
0.311393
0.310948
0.310675
0.310655
0.310468
0.310381
0.309638
0.309312
0.309238
0.309234
0.309218
0.309044
0.308915
0.308887
0.308699
0.308424
0.307833
0.307475
0.306751
0.306472
0.306416
0.306137
0.305913
0.305866
0.304858
0.304725
0.304613
0.304447
0.303887
0.303749
0.303554
0.30353
0.303527
0.303282
0.302586
0.302489
0.302397
0.302362
0.302352
0.302343
0.302228
0.302086
0.301824
0.301695
0.301595
0.301381
0.30125
0.300898
0.300628
0.30044
0.300365
0.300069
0.299706
0.299665
0.299322
0.299278
0.299234
0.2988
0.298679
0.297866
0.297861
0.297709
0.297704
0.297573
0.296999
0.296856
0.29664
0.296631
0.29663
0.295342
0.294716
0.294448
0.294243
0.294196
0.294129
0.294033
0.293793
0.293505
0.293469
0.293436
0.293385
0.293343
0.29269
0.292414
0.292176
0.291878
0.29157
0.291337
0.291281
0.29121
0.290762
0.290755
0.289876
0.289757
0.289604
0.289469
0.289126
0.289003
0.28887
0.288829
0.288823
0.288459
0.288385
0.288287
0.287889
0.287671
0.287381
0.287275
0.287237
0.286774
0.286757
0.286089
0.286017
0.285724
0.285474
0.285378
0.285267
0.285214
0.285196
0.285083
0.284732
0.284415
0.284306
0.28381
0.283381
0.283036
0.282871
0.28279
0.282645
0.282574
0.282548
0.282423
0.282307
0.281489
0.280811
0.280682
0.280549
0.280513
0.280462
0.280237
0.280195
0.280178
0.280127
0.280006
0.279987
0.279874
0.279839
0.279534
0.279472
0.279197
0.279132
0.278619
0.27861
0.278545
0.278459
0.278394
0.278386
0.27826
0.27826
0.277732
0.277379
0.277298
0.276728
0.276578
0.276113
0.27593
0.275899
0.27579
0.275411
0.274662
0.274413
0.274383
0.274363
0.274074
0.27386
0.273562
0.273388
0.273202
0.272929
0.272912
0.272707
0.272576
0.272451
0.272387
0.272345
0.272295
0.271969
0.271896
0.271445
0.270561
0.270506
0.270461
0.270305
0.270063
0.269898
0.269675
0.26926
0.268852
0.268809
0.268348
0.268185
0.268018
0.267953
0.267746
0.267573
0.267257
0.266522
0.266428
0.266166
0.266006
0.265603
0.265252
0.265044
0.265027
0.264601
0.264243
0.263881
0.263229
0.262927
0.262926
0.262884
0.262767
0.262652
0.261954
0.261773
0.261733
0.260651
0.260444
0.259415
0.259207
0.259156
0.259073
0.259046
0.259029
0.258823
0.258687
0.258501
0.258399
0.258028
0.258028
0.257565
0.25754
0.257497
0.257419
0.257214
0.257183
0.25715
0.257101
0.257026
0.256454
0.25639
0.256307
0.256304
0.256245
0.256149
0.255959
0.255468
0.255215
0.254795
0.254673
0.254582
0.254253
0.253832
0.253803
0.253697
0.253489
0.253473
0.253374
0.253319
0.253225
0.253171
0.25314
0.252688
0.252595
0.252225
0.252068
0.252061
0.25194
0.251801
0.251704
0.251605
0.251341
0.251337
0.251241
0.251089
0.250919
0.250905
0.250885
0.250883
0.250844
0.250537
0.250473
0.25042
0.249716
0.249419
0.249299
0.249177
0.249097
0.248902
0.248775
0.248358
0.24827
0.247954
0.247938
0.247916
0.247376
0.247327
0.247293
0.247043
0.246969
0.246902
0.246355
0.245808
0.245799
0.245786
0.245722
0.245247
0.245153
0.24478
0.244616
0.244494
0.244266
0.244263
0.244097
0.244097
0.244092
0.244072
0.243887
0.243759
0.243645
0.243558
0.243441
0.243344
0.243225
0.243155
0.24314
0.243079
0.242992
0.242873
0.242858
0.242795
0.242372
0.242315
0.24212
0.241552
0.24155
0.241401
0.241225
0.241189
0.240845
0.240729
0.240582
0.240312
0.240076
0.239838
0.23973
0.239405
0.239321
0.23879
0.238752
0.238127
0.237845
0.237643
0.237339
0.237269
0.237219
0.236892
0.236543
0.236443
0.236277
0.236193
0.236069
0.236042
0.236022
0.235811
0.235722
0.234932
0.234634
0.234547
0.234345
0.234318
0.234186
0.233897
0.233625
0.233545
0.23342
0.23324
0.23318
0.233149
0.233128
0.233064
0.232852
0.232469
0.244901
0.244651
0.244444
0.244242
0.243224
0.242879
0.242619
0.242383
0.242169
0.242066
0.241844
0.241737
0.241735
0.241066
0.240841
0.24076
0.240664
0.240642
0.240582
0.240506
0.240414
0.239877
0.239725
0.239593
0.239267
0.239165
0.238455
0.238299
0.238262
0.237429
0.237426
0.237203
0.237
0.23696
0.236861
0.236514
0.236369
0.236233
0.236122
0.236107
0.23602
0.235798
0.23555
0.235426
0.235047
0.234866
0.234735
0.23467
0.234592
0.234566
0.234279
0.234254
0.233911
0.233901
0.233877
0.233821
0.233776
0.233738
0.233589
0.233528
0.233488
0.233426
0.233373
0.233331
0.233257
0.233167
0.233026
0.232849
0.232729
0.23271
0.232622
0.232558
0.232545
0.231882
0.231846
0.231784
0.231703
0.231558
0.231539
0.23115

0.230992
0.230926
0.230904
0.230901
0.230877
0.230738
0.2303
0.230216
0.229965
0.229924
0.229712
0.229697
0.229129
0.228924
0.22844
0.228185
0.22766
0.227598
0.227564
0.227475
0.227346
0.226889
0.226678
0.226637
0.226619
0.226602
0.226594
0.226521
0.226101
0.226065
0.225613
0.225577
0.225545
0.225511
0.225453
0.225453
0.225442
0.225382
0.225293
0.225062
0.224715
0.22466
0.22451
0.224384
0.224252
0.224214
0.223769
0.223408
0.223287
0.223257
0.223178
0.223112
0.223056
0.223042
0.222926
0.222284
0.221766
0.221766
0.221644
0.221623
0.22159
0.221531
0.221259
0.220964
0.220812
0.220811
0.220683
0.220665
0.220469
0.220319
0.220285
0.220208
0.220137
0.219895
0.219505
0.219221
0.219115
0.219001
0.218617
0.218601
0.218575
0.218486
0.218203
0.217892
0.217869
0.217779
0.217662
0.217471
0.217334
0.217333
0.217228
0.217158
0.217044
0.216962
0.216917
0.216817
0.216807
0.216777
0.216724
0.216678
0.216424
0.216369
0.216206
0.216095
0.216
0.215812
0.215755
0.215638
0.215506
0.215337
0.215255
0.215207
0.215111
0.214078
0.213866
0.213705
0.213556
0.213519
0.21349
0.213339
0.213095
0.213016
0.212925
0.212766
0.212632
0.212193
0.211997
0.211966
0.211817
0.21174
0.211719
0.211654
0.211641
0.211598
0.211247
0.211151
0.211039
0.211024
0.210408
0.210215
0.210044
0.210029
0.209959
0.209937
0.209795
0.209586
0.209441
0.209126
0.209026
0.208952
0.20895
0.208739
0.208535
0.207894
0.208315
0.207863
0.207649
0.207635
0.207514
0.207482
0.207403
0.207394
0.207257
0.207175
0.207042
0.206815
0.206549
0.206175
0.20593
0.205792
0.205494
0.205479
0.205251
0.205173
0.205106
0.204922
0.204901
0.204805
0.204669
0.20464
0.204516
0.20439
0.204222
0.204163
0.204111
0.204004
0.203254
0.203157
0.203038
0.202851
0.202713
0.202654
0.202649
0.20216
0.202134
0.202105
0.201981
0.201945
0.201706
0.201602
0.201585
0.20151
0.201506
0.201407
0.201403
0.201352
0.201337
0.20116
0.200896
0.200603
0.200525
0.200433
0.200329
0.20031
0.200291
0.200151
0.20001
0.200009
0.199861
0.199829
0.199806
0.199805
0.199593
0.199528
0.19942
0.199387
0.199364
0.199254
0.199133
0.199066
0.199016
0.198424
0.198176
0.19801
0.197986
0.197931
0.197767
0.19769
0.197625
0.197574
0.197497
0.197492
0.19748
0.197332
0.197287
0.197036
0.196992
0.196865
0.196641
0.196471
0.196283
0.196099
0.196081
0.196029
0.195989
0.19584
0.195808
0.195683
0.195588
0.195459
0.19533
0.195266
0.19525
0.195247
0.195113
0.195037
0.194826
0.194089
0.193776
0.19359
0.19348
0.193411
0.193411
0.193369
0.193323
0.193194
0.193171
0.193009
0.192965
0.19288
0.19287
0.192711
0.192694
0.192609
0.192607
0.192339
0.192241
0.192235
0.192219
0.192161
0.192041
0.192001
0.191924
0.191719
0.191629
0.191525
0.191455
0.191317
0.191212
0.191163
0.191114
0.191087
0.190917
0.190807
0.190502
0.190497
0.190338
0.190209
0.190209
0.190157
0.190133
0.190073
0.189999
0.189509
0.189443
0.189116
0.189111
0.18903
0.188951
0.188774
0.188737
0.188732
0.188705
0.188601
0.188571
0.188468
0.188374
0.187997
0.187978
0.187939
0.187906
0.187878
0.187843
0.187703
0.18752
0.1875
0.18738
0.187372
0.187241
0.187241
0.18715
0.187095
0.187066
0.187007
0.186944
0.186698
0.186572
0.186272
0.186204
0.186182
0.186182
0.186173
0.186172
0.186127
0.185951
0.185898
0.185818
0.185679
0.185647
0.185393
0.185355
0.185173
0.185125
0.185089
0.185066
0.184673
0.18462
0.184396
0.184343
0.184242
0.184216
0.184161
0.184125
0.183991
0.183744
0.183742
0.183524
0.183293
0.183273
0.183258
0.183168
0.183033
0.183003
0.182789
0.182629
0.182219
0.182175
0.181973
0.181859
0.181819
0.181785
0.181553
0.181461
0.181365
0.181304
0.181258
0.181224
0.181194
0.181173
0.1811
0.181062
0.180949
0.18092
0.180904
0.180829
0.180663
0.180514
0.180468
0.180319
0.180207
0.180198
0.180133
0.180092
0.18008
0.180063
0.179926
0.179926
0.179916
0.179802
0.179797
0.179767
0.179754
0.179752
0.179602
0.179394
0.179357
0.179289
0.179011
0.17887
0.178721
0.178663
0.178629
0.178604
0.178506
0.178244
0.17822
0.17806
0.177919
0.177803
0.177501
0.17729
0.177286
0.176953
0.176779
0.176673
0.176596
0.176502
0.176474
0.176398
0.176042
0.17593
0.175905
0.175854
0.175837
0.175794
0.175773
0.17572
0.1755
0.175392
0.175326
0.175085
0.174993
0.174966
0.174959
0.174796
0.174746
0.174666
0.174553
0.17455
0.174214
0.174136
0.17411
0.174017
0.174015
0.173843
0.173784
0.17378
0.17373
0.173725
0.173658
0.173628
0.173561
0.173515
0.173502
0.173497
0.173409
0.17287
0.172817
0.172792
0.172724
0.172651
0.172595
0.172515
0.172404
0.172313
0.172293
0.172061
0.172032
0.171885
0.171871
0.171848
0.171831
0.171821
0.171763
0.17166
0.171316
0.171151
0.171105
0.17108
0.170743
0.170616
0.170525
0.170508
0.170237
0.170177
0.170139
0.169895
0.169804
0.169749
0.169749
0.169748
0.169722
0.169561
0.169469
0.169439
0.169424
0.169383
0.169353
0.169327
0.16922
0.16915
0.169053
0.168905
0.168642
0.168558
0.168458
0.168234
0.16819
0.168085
0.168052
0.167918
0.167909
0.167902
0.167861
0.16775
0.167654
0.167598
0.167358
0.167286
0.16717
0.167049
0.167041
0.167028
0.166876
0.166785
0.166775
0.166516
0.166474
0.166362
0.166119
0.166101
0.165956
0.165778
0.165769
0.165768
0.165732
0.165677
0.165665
0.16555
0.165544
0.165504
0.165487
0.165477
0.165466
0.165236
0.165148
0.165073
0.165073
0.165039
0.164995
0.164817
0.164757
0.164656
0.164617
0.164576
0.164536
0.164507
0.164486
0.164446
0.164339
0.164327
0.164295
0.164141
0.164071
0.163929
0.163782
0.163745
0.163685
0.163671
0.163594
0.163565
0.163514
0.163487
0.163351
0.163248
0.163083
0.163081
0.163078
0.162984
0.162901
0.162876
0.162848
0.162808
0.162732
0.162722
0.162453
0.162409
0.162408
0.162281
0.162061
0.161876
0.161853
0.161836
0.161799
0.161693
0.161678
0.161673
0.161554
0.161469
0.161383
0.161356
0.161176
0.161175
0.161159
0.160995
0.160963
0.160955
0.160946
0.160905
0.160758
0.160741
0.160724
0.160705
0.160685
0.160626
0.160556
0.160523
0.160424
0.160412
0.160378
0.160377
0.160376
0.160363
0.160349
0.160314
0.160302
0.159972
0.159902
0.159896
0.159896
0.159868
0.159804
0.159802
0.159801
0.159775
0.159693
0.159403
0.159326
0.159296
0.159277
0.159244
0.159045
0.159042
0.158933
0.15891
0.158867
0.15879
0.15871
0.158657
0.158615
0.158538
0.158444
0.158377
0.15821
0.158138
0.158092
0.158092
0.158022
0.158017
0.157973
0.157936
0.157854
0.157798
0.157793
0.157725
0.157693
0.157668
0.157667
0.157487
0.157487
0.157332
0.157168
0.157065
0.156918
0.156912
0.15681
0.156667
0.1566
0.156562
0.156545
0.15641
0.156374
0.156356
0.156347
0.156191
0.156137
0.156061
0.15606
0.155817
0.155712
0.155642
0.1556
0.155551
0.155496
0.155478
0.155426
0.155418
0.155319
0.155286
0.155199
0.155169
0.155128
0.15511
0.155109
0.155014
0.154995
0.154944
0.154877
0.154819
0.154808
0.154751
0.154585
0.154495
0.154451
0.154262
0.154251
0.154251
0.154155
0.154103
0.154051
0.154012
0.153961
0.153762
0.153759
0.153617
0.153607
0.15357
0.153537
0.153457
0.153421
0.153301
0.153289
0.153233
0.153099
0.152948
0.152856
0.152737
0.152721
0.152429
0.152388
0.152355
0.152345
0.152327
0.152299
0.152258
0.152168
0.152168
0.152122
0.152107
0.152052
0.152016
0.151902
0.151789
0.15175
0.151747
0.151709
0.151605
0.151476
0.151333
0.151268
0.151026
0.151019
0.15096
0.150934
0.150848
0.150832
0.150685
0.150651
0.150608
0.150499
0.150391
0.150344
0.150322
0.150293
0.150284
0.150161
0.149986
0.149946
0.149944
0.14993
0.149917
0.149915
0.14978
0.14963
0.149547
0.149467
0.149429
0.149408
0.149301
0.149271
0.149217
0.149211
0.149187
0.149156
0.149154
0.148983
0.148969
0.14896
0.148925
0.148755
0.148727
0.148711
0.148647
0.148533
0.148502
0.148372
0.148304
0.148289
0.148237
0.148199
0.148129
0.148125
0.148099
0.148084
0.148069
0.148062
0.148005
0.147993
0.147966
0.147928
0.147905
0.147825
0.147746
0.147644
0.14758
0.147561
0.147475
0.147468
0.147468
0.147419
0.147346
0.147333
0.147271
0.147217
0.147152
0.147149
0.147134
0.1471
0.146979
0.146767
0.146666
0.146665
0.146631
0.146607
0.146566
0.146527
0.146445
0.146414
0.146363
0.14632
0.1462
0.146163
0.146143
0.146139
0.146126
0.146119
0.146078
0.145993
0.145972
0.145941
0.145879
0.145747
0.145737
0.145552
0.145434
0.145395
0.145214
0.145127
0.14502
0.145013
0.14494
0.1449
0.144891
0.144832
0.144761
0.144736
0.144581
0.144406
0.144375
0.144253
0.144217
0.144184
0.14409
0.144089
0.143942
0.143864
0.143835
0.143787
0.143777
0.143723
0.1436

0.143621
0.143493
0.143472
0.143401
0.143338
0.143277
0.143272
0.143217
0.143216
0.143092
0.143001
0.142999
0.142979
0.142944
0.142925
0.142912
0.142893
0.142835
0.142782
0.142673
0.142666
0.14266
0.14258
0.142578
0.14253
0.142521
0.142482
0.142429
0.142395
0.142379
0.142264
0.14226
0.142256
0.142237
0.142236
0.142236
0.142207
0.142199
0.14213
0.14208
0.141991
0.141902
0.141887
0.141843
0.141726
0.141682
0.141651
0.1416
0.141546
0.141513
0.141471
0.141468
0.141453
0.141352
0.141268
0.141199
0.141141
0.141104
0.141032
0.140958
0.140937
0.14089
0.140845
0.140821
0.140799
0.140591
0.140483
0.140431
0.140357
0.140303
0.14029
0.140262
0.140193
0.140104
0.139757
0.139676
0.13953
0.13945
0.139414
0.139408
0.139303
0.139271
0.139238
0.139185
0.139119
0.138918
0.138907
0.138902
0.138849
0.138816
0.138755
0.138721
0.138689
0.138673
0.138621
0.138614
0.138543
0.138484
0.138477
0.138444
0.138436
0.138407
0.138331
0.138328
0.13831
0.138272
0.138156
0.138125
0.138027
0.137997
0.137932
0.137924
0.137872
0.137869
0.137843
0.137839
0.13781
0.137657
0.137597
0.137589
0.137575
0.13754
0.137468
0.137466
0.137429
0.137338
0.137298
0.137278
0.137202
0.137135
0.137054
0.136875
0.13684
0.136784
0.136772
0.136711
0.136681
0.136678
0.136612
0.136586
0.136566
0.136454
0.13638
0.136309
0.136255
0.136203
0.136172
0.13616
0.136125
0.136082
0.135951
0.135934
0.135873
0.13583
0.13568
0.135658
0.135619
0.135498
0.135298
0.135239
0.135231
0.135211
0.135201
0.135146
0.135115
0.134955
0.134922
0.134858
0.134849
0.134784
0.134761
0.134709
0.134695
0.134657
0.134642
0.134563
0.134527
0.134504
0.134374
0.134344
0.134295
0.134263
0.134194
0.134177
0.134106
0.134011
0.133858
0.13385
0.133748
0.133747
0.133664
0.133648
0.133606
0.13356
0.133531
0.133493
0.133461
0.133431
0.133422
0.133409
0.133301
0.13324
0.133132
0.133129
0.133077
0.133053
0.132989
0.132962
0.132957
0.132949
0.132935
0.132901
0.132899
0.132896
0.132834
0.132784
0.132721
0.132591
0.132556
0.132544
0.132502
0.132499
0.132497
0.132484
0.132436
0.132327
0.132265
0.132243
0.132172
0.13206
0.13202
0.131923
0.131897
0.131876
0.131868
0.131806
0.131731
0.131703
0.131667
0.131662
0.131617
0.131558
0.131454
0.131394
0.131387
0.13134
0.131276
0.131276
0.131225
0.131151
0.13114
0.131097
0.13109
0.131084
0.131084
0.131059
0.131054
0.131005
0.130952
0.130913
0.130913
0.1309
0.13089
0.13088
0.130835
0.13083
0.130802
0.13073
0.130669
0.130583
0.130559
0.130558
0.130492
0.130479
0.130444
0.130434
0.130433
0.130405
0.130281
0.130273
0.130272
0.130244
0.130212
0.130193
0.130156
0.130153
0.130115
0.130095
0.129984
0.12981
0.129714
0.129707
0.129706
0.129536
0.129533
0.129492
0.129457
0.12944
0.129377
0.129359
0.12928
0.129268
0.129207
0.129197
0.129185
0.129131
0.129049
0.129001
0.12885
0.12885
0.128844
0.128816
0.12881
0.128773
0.128743
0.128703
0.128701
0.128658
0.128621
0.128602
0.128559
0.12854
0.128516
0.1285
0.128472
0.128427
0.12839
0.128384
0.128234
0.128152
0.128132
0.128102
0.128076
0.128065
0.128031
0.127982
0.127974
0.127918
0.127914
0.127823
0.127768
0.1277
0.127682
0.127429
0.127428
0.127417
0.127396
0.127377
0.127351
0.12728
0.127218
0.127166
0.127079
0.127062
0.127039
0.12695
0.126893
0.126889
0.126888
0.126885
0.126873
0.126861
0.126853
0.126782
0.126772
0.126739
0.12662
0.12661
0.126571
0.126564
0.126546
0.126463
0.126405
0.126385
0.126374
0.12637
0.12629
0.126252
0.126212
0.126191
0.126164
0.126148
0.126147
0.126122
0.126082
0.126075
0.126057
0.12604
0.126038
0.126035
0.126016
0.125967
0.125957
0.125931
0.125898
0.125864
0.125836
0.125786
0.12566
0.125637
0.125607
0.12556
0.125552
0.125546
0.125507
0.125484
0.125466
0.125447
0.125419
0.125405
0.125399
0.125384
0.125305
0.125191
0.125116
0.125115
0.125083
0.125071
0.125057
0.125048
0.125021
0.124994
0.124988
0.12495
0.124944
0.124942
0.124911
0.124876
0.124841
0.124745
0.124736
0.124687
0.124642
0.124595
0.124585
0.124555
0.124473
0.124436
0.124421
0.124398
0.124379
0.124376
0.124353
0.124329
0.124308
0.124282
0.124266
0.124232
0.124214
0.124152
0.124152
0.124088
0.12407
0.12407
0.124013
0.123956
0.123882
0.123834
0.12376
0.123646
0.123587
0.123717
0.123586
0.123572
0.123553
0.123541
0.123511
0.123481
0.123452
0.12345
0.123422
0.123371
0.12333
0.123329
0.123307
0.1233
0.123234
0.123208
0.123207
0.123176
0.123038
0.12302
0.123016
0.122992
0.122939
0.122911
0.122853
0.122819
0.122817
0.122815
0.122793
0.122781
0.122764
0.122675
0.122663
0.122621
0.122565
0.122496
0.122494
0.122476
0.12247
0.122398
0.122388
0.122365
0.122348
0.122282
0.12221
0.122108
0.122052
0.122007
0.122001
0.121979
0.121935
0.12189
0.12188
0.121844
0.12178
0.121724
0.121688
0.121685
0.121607
0.121597
0.121562
0.121527
0.121446
0.121426
0.121357
0.121328
0.121276
0.12123
0.121193
0.121184
0.121179
0.121158
0.121147
0.121133
0.121129
0.121111
0.121097
0.121025
0.120971
0.120945
0.120906
0.120873
0.120845
0.120802
0.120785
0.120766
0.12072
0.120714
0.120709
0.120703
0.120699
0.120678
0.120675
0.120636
0.120629
0.120572
0.120559
0.120552
0.120527
0.120475
0.120381
0.12038
0.120361
0.12034
0.120321
0.120256
0.120229
0.120178
0.120176
0.120156
0.120111
0.120094
0.120076
0.120019
0.119972
0.119945
0.119869
0.11983
0.119806
0.119805
0.119793
0.119771
0.119771
0.119716
0.11971
0.119618
0.119554
0.119518
0.119502
0.11946
0.119457
0.119446
0.119355
0.119331
0.119297
0.119203
0.119201
0.119184
0.119112
0.119075
0.119045
0.118977
0.118975
0.118961
0.118955
0.118899
0.118872
0.118865
0.118863
0.118856
0.118849
0.118838
0.118821
0.118774
0.118767
0.118749
0.11874
0.118715
0.11865
0.118647
0.118645
0.118602
0.118592
0.118579
0.118575
0.118543
0.118525
0.118518
0.118502
0.118487
0.118487
0.118487
0.118484
0.118453
0.118448
0.118425
0.118393
0.118384
0.118382
0.118377
0.11837
0.118355
0.118351
0.11828
0.118255
0.118171
0.118163
0.118132
0.118132
0.118116
0.118103
0.118101
0.118067
0.118028
0.117993
0.117882
0.117839
0.117831
0.117829
0.117822
0.117794
0.117791
0.117786
0.117778
0.117778
0.117776
0.117765
0.117765
0.117736
0.117727
0.117707
0.117706
0.117669
0.117664
0.117656
0.117613
0.117594
0.117569
0.117527
0.117499
0.11749
0.117398
0.117394
0.117385
0.117376
0.119469
0.119453
0.119435
0.119428
0.119377
0.119375
0.119297
0.119273
0.119259
0.119251
0.119248
0.119229
0.119228
0.119225
0.119213
0.119211
0.11921
0.119186
0.119184
0.119157
0.119138
0.119137
0.119135
0.119127
0.119123
0.119095
0.119088
0.119052
0.119033
0.118983
0.118976
0.118966
0.118964
0.118956
0.118924
0.118872
0.11884
0.118816
0.118813
0.118807
0.118764
0.118725
0.118687
0.118674
0.118647
0.118589
0.118582
0.118545
0.118518
0.11851
0.118476
0.118432
0.118409
0.118406
0.118319
0.118288
0.11828
0.118272
0.118265
0.118254
0.118246
0.118221
0.118184
0.118153
0.118135
0.118077
0.118027
0.118025
0.118018
0.118001
0.117998
0.11796
0.117943
0.117935
0.117935
0.117916
0.117883
0.117839
0.117825
0.117816
0.117806
0.1178
0.117779
0.117779
0.117777
0.117766
0.117764
0.117749
0.117727
0.117726
0.117725
0.117712
0.117694
0.117689
0.117675
0.117652
0.117636
0.117625
0.117611
0.11756
0.117518
0.117513
0.117512
0.117507
0.117503
0.117454
0.11745
0.117439
0.117416
0.117387
0.117387
0.117361
0.117337
0.117237
0.117167
0.11713
0.117084
0.117053
0.117038
0.11701
0.117001
0.116998
0.116937
0.116921
0.116893
0.116893
0.116877
0.116869
0.116862
0.116855
0.11681
0.116802
0.116799
0.11679
0.116746
0.11673
0.116647
0.11663
0.116525
0.116495
0.11645
0.116432
0.116382
0.116375
0.116317
0.11626
0.11624
0.116195
0.116173
0.116164
0.116157
0.116138
0.116132
0.116098
0.11605
0.11605
0.116031
0.116029
0.11601
0.116009
0.115963
0.115939
0.115901
0.115876
0.115874
0.115839
0.115833
0.115802
0.115796
0.115784
0.115782
0.115762
0.115683
0.115676
0.115667
0.115647
0.115646
0.115641
0.115625
0.115625
0.11562
0.115594
0.115593
0.11559
0.115573
0.115516
0.115513
0.115501
0.115477
0.115475
0.115473
0.115472
0.115451
0.115427
0.115419
0.115415
0.115393
0.115369
0.115357
0.11531
0.115302
0.115286
0.115252
0.115238
0.115215
0.115215
0.115212
0.115154
0.115148
0.115134
0.115133
0.115131
0.115127
0.115103
0.115077
0.115077
0.115061
0.115051
0.115028
0.115015
0.114998
0.114983
0.114942
0.114926
0.114926
0.114879
0.114777
0.114756
0.114715
0.114702
0.114695
0.114692
0.114682
0.114673
0.11467

0.114658
0.114631
0.114548
0.114501
0.114499
0.114473
0.11444
0.114428
0.11442
0.114414
0.114408
0.114376
0.114365
0.114358
0.114355
0.114342
0.114339
0.114332
0.114323
0.114319
0.11428
0.114221
0.114214
0.114198
0.114179
0.114127
0.114117
0.114111
0.114104
0.114083
0.114041
0.11402
0.114017
0.114001
0.113999
0.113996
0.113988
0.113977
0.113969
0.113952
0.113947
0.113937
0.113924
0.113905
0.113858
0.113847
0.113847
0.113833
0.113828
0.113773
0.113755
0.113752
0.11375
0.113737
0.113714
0.113669
0.11366
0.113644
0.113644
0.113557
0.11355
0.113534
0.113506
0.113502
0.113486
0.113481
0.113474
0.113474
0.113458
0.113413
0.113402
0.113398
0.113385
0.113361
0.113347
0.113315
0.113293
0.11326
0.113229
0.113168
0.113148
0.113123
0.113099
0.113088
0.113085
0.113083
0.113075
0.11306
0.113025
0.113013
0.112995
0.112992
0.112923
0.112911
0.112894
0.112885
0.112881
0.11283
0.112826
0.112812
0.11279
0.112785
0.112779
0.112753
0.112753
0.112752
0.112748
0.112698
0.112696
0.112693
0.112689
0.112666
0.11266
0.112636
0.112635
0.112604
0.112595
0.112569
0.112554
0.112542
0.112541
0.11253
0.11251
0.112392
0.112355
0.112353
0.112335
0.112318
0.112315
0.11228
0.112272
0.112264
0.112246
0.112182
0.112177
0.112141
0.112066
0.11205
0.112041
0.112036
0.11202
0.112004
0.112004
0.111987
0.111985
0.111959
0.111925
0.111916
0.111902
0.111899
0.111894
0.111839
0.11183
0.111779
0.111773
0.111762
0.111753
0.111739
0.111733
0.111727
0.111727
0.111725
0.111721
0.111689
0.111676
0.11167
0.111664
0.11162
0.111609
0.111605
0.111594
0.111557
0.111509
0.111508
0.111504
0.111499
0.111493
0.111476
0.111466
0.111462
0.111445
0.111418
0.111413
0.111377
0.111373
0.11137
0.111346
0.111344
0.111344
0.111314
0.111281
0.111258
0.111248
0.111237
0.111219
0.111196
0.111158
0.111149
0.111144
0.11114
0.111138
0.111135
0.111131
0.111122
0.111117
0.111108
0.111105
0.111104
0.111084
0.111069
0.111066
0.111036
0.110988
0.110966
0.110961
0.110931
0.110922
0.110904
0.110894
0.110887
0.110875
0.110863
0.11085
0.110847
0.110839
0.110836
0.110823
0.110818
0.110809
0.110801
0.110759
0.110759
0.110759
0.110758
0.110757
0.110722
0.110704
0.110693
0.11069
0.110673
0.110668
0.110657
0.11064
0.110634
0.110634
0.110634
0.1106
0.110594
0.11058
0.110573
0.110527
0.110526
0.110521
0.110511
0.11051
0.110473
0.110463
0.110459
0.110426
0.110425
0.110398
0.110386
0.110381
0.110374
0.110367
0.110366
0.110357
0.110346
0.11034
0.110336
0.110331
0.110328
0.110326
0.110317
0.110286
0.110278
0.11027
0.110268
0.110266
0.110255
0.110253
0.11025
0.110248
0.110216
0.110199
0.110195
0.110195
0.110188
0.110183
0.110153
0.110147
0.110137
0.110121
0.110107
0.110103
0.110097
0.110054
0.110047
0.110041
0.11002
0.110018
0.110013
0.109992
0.10999
0.109987
0.109987
0.109968
0.109948
0.109935
0.109934
0.109908
0.109894
0.109889
0.109881
0.109864
0.109863
0.109863
0.109825
0.109762
0.109754
0.109752
0.109747
0.109744
0.10974
0.109738
0.109734
0.109712
0.109707
0.109693
0.109683
0.109674
0.109672
0.109668
0.109657
0.109644
0.109622
0.109592
0.109585
0.109575
0.109563
0.109553
0.109552
0.109549
0.109531
0.10952
0.109513
0.109506
0.109495
0.109466
0.109466
0.109455
0.109426
0.109423
0.1094
0.109399
0.109393
0.109374
0.109358
0.10935
0.109337
0.109335
0.109335
0.109312
0.109296
0.109292
0.109291
0.109273
0.109272
0.109261
0.109235
0.109229
0.109167
0.109163
0.109158
0.109158
0.109153
0.10912
0.109105
0.109091
0.109088
0.109085
0.109081
0.109069
0.109062
0.109061
0.109026
0.109016
0.108983
0.108951
0.108886
0.108877
0.108877
0.108867
0.108816
0.108809
0.108806
0.108802
0.108799
0.108762
0.108732
0.108717
0.108707
0.108705
0.108688
0.108678
0.108671
0.108641
0.108641
0.108616
0.108592
0.108586
0.108575
0.108573
0.108563
0.10852
0.108508
0.108494
0.108491
0.108478
0.108477
0.108463
0.108457
0.108446
0.10844
0.108426
0.108425
0.108423
0.10842
0.108416
0.108388
0.108387
0.10836
0.108359
0.108357
0.108332
0.108332
0.108309
0.108308
0.108297
0.108289
0.108273
0.108273
0.108261
0.108255
0.108248
0.108245
0.108244
0.108242
0.108238
0.108233
0.108223
0.108216
0.108213
0.10819
0.108176
0.108171
0.108164
0.108149
0.108147
0.108144
0.108141
0.108136
0.108133
0.108128
0.108124
0.108119
0.108109
0.108099
0.108082
0.108078
0.108057
0.108039
0.108034
0.108031
0.108024
0.108018
0.108017
0.10799
0.107983
0.107969
0.107961
0.107959
0.107958
0.107954
0.107951
0.107926
0.107923
0.107921
0.107907
0.107905
0.107863
0.107851
0.107831
0.107818
0.107817
0.107817
0.107798
0.107787
0.107783
0.107776
0.107766
0.107766
0.107764
0.107761
0.107757
0.107739
0.107735
0.107732
0.107725
0.107681
0.107656
0.107654
0.107654
0.107652
0.107619
0.107618
0.107615
0.10761
0.107592
0.107586
0.107573
0.107559
0.107545
0.107542
0.107532
0.107501
0.107495
0.107484
0.10748
0.107474
0.107443
0.107433
0.10743
0.107415
0.107407
0.107407
0.107366
0.107364
0.10736
0.107356
0.107339
0.107322
0.107316
0.107302
0.107293
0.10729
0.107289
0.107248
0.107245
0.107219
0.107213
0.107206
0.107189
0.107183
0.107181
0.107179
0.107178
0.107174
0.107174
0.107162
0.107159
0.107157
0.107156
0.107142
0.107133
0.107133
0.107127
0.107125
0.107119
0.107115
0.107113
0.107099
0.107094
0.107083
0.107082
0.10707
0.107051
0.107047
0.107034
0.107028
0.10701
0.107009
0.107002
0.106988
0.106988
0.106983
0.106983
0.106975
0.106973
0.10697
0.106954
0.106944
0.106941
0.106937
0.106932
0.106882
0.106876
0.106867
0.106824
0.106823
0.106817
0.106779
0.106773
0.106763
0.106761
0.106751
0.106739
0.10673
0.106717
0.106708
0.106693
0.106688
0.106672
0.106672
0.106661
0.106657
0.106647
0.106646
0.106632
0.106618
0.106615
0.106604
0.106588
0.106584
0.106582
0.106578
0.10657
0.10655
0.106537
0.106529
0.106515
0.106513
0.106512
0.106507
0.106497
0.106466
0.106464
0.10646
0.106459
0.106459
0.106448
0.106435
0.106429
0.106427
0.106426
0.106407
0.106392
0.106382
0.106378
0.106374
0.106347
0.10634
0.106307
0.106307
0.106306
0.106277
0.106269
0.106225
0.106223
0.106221
0.106197
0.106194
0.10619
0.106189
0.106177
0.106132
0.106128
0.106126
0.106124
0.106111
0.106085
0.106076
0.106043
0.106031
0.10603
0.106021
0.106021
0.106012
0.10601
0.106006
0.106006
0.105999
0.105987
0.105974
0.105965
0.105959
0.105959
0.105957
0.105951
0.105949
0.105934
0.105924
0.105913
0.105912
0.105905
0.105904
0.105896
0.105892
0.105882
0.105881
0.105881
0.105854
0.105853
0.105852
0.10584
0.10583
0.10581
0.105804
0.105799
0.105785
0.105779
0.105777
0.105773
0.10577
0.10577
0.105765
0.105761
0.10576
0.105755
0.105755
0.105741
0.105726
0.105725
0.105716
0.105715
0.10571
0.105701
0.105701
0.105691
0.105691
0.105688
0.105668
0.105665
0.105659
0.105644
0.10561
0.105602
0.10558
0.105574
0.105569
0.105569
0.105547
0.105544
0.105504
0.105498
0.105495
0.105469
0.105469
0.105433
0.105424
0.105421
0.105409
0.105407
0.105401
0.105381
0.105377
0.105366
0.105365
0.105344
0.105343
0.105313
0.105312
0.105311
0.105305
0.105292
0.105292
0.105289
0.105274
0.105265
0.105254
0.105252
0.105247
0.105244
0.105242
0.105242
0.105238
0.105229
0.105228
0.105224
0.105212
0.105209
0.105207
0.105206
0.105206
0.10519
0.105186
0.105183
0.105174
0.105172
0.105165
0.105164
0.105148
0.105146
0.105145
0.105142
0.105135
0.105124
0.105121
0.105109
0.105094
0.105089
0.105088
0.105081
0.105076
0.105075
0.105062
0.105054
0.105043
0.10504
0.105038
0.105032
0.105028
0.105027
0.105026
0.105016
0.105015
0.105014
0.105005
0.104987
0.104975
0.104969
0.104969
0.104963
0.104954
0.104931
0.104927
0.104923
0.104907
0.104901
0.104874
0.104863
0.104861
0.104857
0.104854
0.104842
0.104839
0.104816
0.104814
0.104808
0.104804
0.104801
0.104796
0.104772
0.104771
0.104769
0.104761
0.104753
0.104752
0.104738
0.104731
0.10473
0.104726
0.104726
0.104725
0.104694
0.104684
0.104682
0.104672
0.104658
0.104634
0.104626
0.104623
0.104615
0.104607
0.104605
0.104583
0.104581
0.104581
0.104571
0.104565
0.104554
0.104553
0.104551
0.104534
0.104533
0.104517
0.104505
0.104491
0.104489
0.104482
0.104481
0.104478
0.104476
0.104476
0.104473
0.104469
0.104448
0.104447
0.104444
0.104432
0.104429
0.104429
0.104424
0.10442
0.104416
0.104414
0.1044
0.1044
0.104389
0.104388
0.104377
0.104376
0.104375
0.104375
0.104374
0.104363
0.10436
0.10436
0.104352
0.104342
0.104341
0.104326
0.104325
0.104306
0.104301
0.104298
0.104295
0.104294
0.10429400.104289
0.104282
0.10426
0.104253
0.104237
0.104227
0.104222
0.104221
0.104217
0.104214
0.104206
0.104198
0.104195
0.104186
0.104185
0.104182
0.104171
0.104157
0.104153
0.104146
0.104145
0.104144
0.104134
0.104133
0.104132
0.104131
0.104127
0.104114
0.104113
0.104104
0.104087
0.104077
0.104064
0.104062
0.104058
0.104055
0.104052
0.104048
0.104043
0.104026
0.104026
0.104017
0.104003
0.104001
0.103998
0.103997
0.103991
0.10399
0.103986
0.103985
0.103984
0.103981
0.103979
0.103978
0.103969
0.103951
0.103942
0.103939
0.103932
0.10393
0.103926
0.103921
0.103916
0.103914
0.103912
0.103911
0.103888
0.103881
0.103875
0.103872
0.103865
0.103857
0.103853
0.103843
0.103841
0.103838
0.103831
0.103824
0.103822
0.103814
0.103811
0.103807
0.103798
0.103798
0.10378
0.103759
0.103759
0.103753
0.103743
0.103743
0.103736
0.103733
0.103727
0.103727
0.10372
0.103703
0.1037
0.103695
0.103694
0.103692
0.103689
0.103685
0.103677
0.103669
0.103663
0.103655
0.103649
0.103627
0.103626
0.103624
0.103622
0.103608
0.103601
0.103597
0.103586
0.103585
0.103584
0.103583
0.103575
0.103573
0.103573
0.103571
0.103561
0.103551
0.10355
0.103545
0.103542
0.103539
0.103539
0.103536
0.10353
0.103515
0.103507
0.103504
0.103502
0.103502
0.103496
0.103495
0.103495
0.103494
0.103477
0.103468
0.103468
0.103468
0.103461
0.103456
0.103454
0.10345
0.103437
0.103435
0.103433
0.10343
0.103426
0.103422
0.103421
0.103413
0.103408
0.103407
0.103402
0.103401
0.103395
0.103387
0.103385
0.103385
0.103384
0.10338
0.103367
0.103344
0.103336
0.10333
0.103325
0.103317
0.103317
0.103316
0.103301
0.103299
0.103297
0.103286
0.103285
0.103273
0.103272
0.103267
0.103267
0.103263
0.10325
0.103247
0.103244
0.10324
0.103234
0.103231
0.103229
0.103225
0.103213
0.103212
0.103202
0.103189
0.103171
0.10317
0.103169
0.103168
0.103165
0.103163
0.103143
0.103137
0.103136
0.103136
0.103136
0.103128
0.103123
0.103122
0.103116
0.103093
0.103091
0.103087
0.103083
0.103071
0.10307
0.103061
0.10306
0.103053
0.103049
0.103047
0.103046
0.103038
0.10303
0.10302
0.103011
0.103008
0.103007
0.103004
0.102995
0.102998
0.102992
0.102987
0.102981
0.102969
0.102961
0.102949
0.102942
0.102933
0.102928
0.102914
0.102899
0.102879
0.102877
0.102872
0.102864
0.102862
0.102862
0.102858
0.102853
0.102853
0.10285
0.102849
0.102843
0.102835
0.102835
0.102834
0.102833
0.102832
0.102829
0.102826
0.102812
0.102812
0.102804
0.1028
0.102799
0.102787
0.102784
0.102779
0.102778
0.102776
0.102776
0.102755
0.102747
0.102745
0.102737
0.102727
0.102712
0.102709
0.102707
0.102694
0.102687
0.102684
0.102681
0.102668
0.102657
0.102653
0.102652
0.102649
0.102645
0.102644
0.10264
0.102636
0.102634
0.102631
0.102629
0.102628
0.102624
0.102618
0.102613
0.102613
0.102613
0.102606
0.102604
0.102588
0.102584
0.102578
0.102569
0.102567
0.102566
0.102559
0.102548
0.102546
0.102544
0.102539
0.102532
0.102504
0.102496
0.102491
0.102488
0.102484
0.10248
0.10248
0.102471
0.102464
0.102463
0.102447
0.102436
0.102434
0.102434
0.102431
0.102429
0.102427
0.102423
0.102417
0.102416
0.102415
0.102413
0.102412
0.10241
0.102404
0.102404
0.102391
0.102387
0.102384
0.102378
0.102378
0.102363
0.102351
0.102326
0.102323
0.10232
0.102316
0.102315
0.10231
0.102306
0.102304
0.102301
0.102292
0.10229
0.102289
0.102286
0.102282
0.102268
0.102267
0.102266
0.102266
0.102262
0.102262
0.102262
0.102259
0.102258
0.102257
0.102255
0.102252
0.102248
0.10224
0.102239
0.102238
0.102238
0.102227
0.102227
0.102227
0.102218
0.102218
0.102214
0.10221
0.102197
0.102194
0.102193
0.102189
0.102186
0.102185
0.102181
0.102181
0.102174
0.102168
0.102164
0.102158
0.102156
0.102545
0.102542
0.102531
0.102523
0.102522
0.102521
0.102521
0.102506
0.102506
0.102506
0.102506
0.102501
0.102492
0.102492
0.102485
0.102481
0.10248
0.10247
0.10247
0.10246
0.102458
0.102452
0.102451
0.102448
0.102443
0.102443
0.10243
0.102428
0.102427
0.102419
0.102418
0.102417
0.102411
0.102404
0.102399
0.102399
0.102449
0.102449
0.102448
0.102445
0.102443
0.102441
0.102439
0.102436
0.102434
0.102429
0.102425
0.102425
0.102421
0.102417
0.102406
0.102406
0.102401
0.102401
0.102399
0.102397
0.102392
0.102391
0.102388
0.102386
0.102381
0.10238
0.102379
0.102376
0.102371
0.102363
0.102362
0.102338
0.102334
0.102329
0.102322
0.10232
0.102318
0.102316
0.102303
0.102295
0.102295
0.10229
0.102286
0.102281
0.102279
0.102267
0.102266
0.102264
0.102262
0.102258
0.102252
0.102242
0.102241
0.102225
0.102219
0.102216
0.102211
0.102209
0.102204
0.102203
0.102202
0.102199
0.102196
0.102188
0.102187
0.102187
0.102186
0.102175
0.102169
0.102169
0.102163
0.102162
0.102148
0.102146
0.102132
0.102129
0.102127
0.10212
0.102119
0.102118
0.102114
0.102107
0.102106
0.102106
0.102101
0.102099
0.102095
0.102094
0.102094
0.102091
0.102091
0.102088
0.102086
0.102083
0.102081
0.102077
0.102073
0.102068
0.102067
0.10206
0.102059
0.102059
0.102052
0.102048
0.102048
0.102045
0.102041
0.10204
0.10204
0.102034
0.102032
0.102027
0.102023
0.102019
0.102018
0.102016
0.102016
0.102016
0.102012
0.102006
0.102004
0.102002
0.102001
0.101996
0.101996
0.101995
0.101991
0.101989
0.101987
0.101987
0.101984
0.101984
0.101982
0.101981
0.101972
0.10197
0.10197
0.101964
0.101955
0.101955
0.101953
0.101948
0.101948
0.101943
0.101942
0.101942
0.101942
0.101938
0.101933
0.101932
0.101926
0.101922
0.10191
0.101898
0.101895
0.101892
0.101887
0.101884
0.101883
0.101882
0.101877
0.101876
0.101875
0.101869
0.101868
0.101867
0.101861
0.10186
0.101859
0.101856
0.101855
0.101852
0.101844
0.101843
0.101831
0.10183
0.101826
0.101826
0.101825
0.101814
0.101806
0.101806
0.101803
0.101783
0.10207
0.102068
0.102068
0.102067
0.102067
0.102066
0.102062
0.10206
0.102054
0.102053
0.102049
0.102046
0.102044
0.102044
0.10204
0.102037
0.102033
0.102032
0.10203
0.102025
0.102024
0.102023
0.102021
0.102019
0.102015
0.102015
0.102011
0.102011
0.102009
0.102007
0.102002
0.101999
0.101998
0.101996
0.101987
0.101986
0.101979
0.101977
0.101975
0.101969
0.101969
0.101966
0.101956
0.101956
0.101956
0.101955
0.101954
0.101953
0.10195
0.101949
0.101947
0.101937
0.101936
0.101933
0.101932
0.101931
0.101928
0.101919
0.101918
0.101917
0.101917
0.101915
0.101915
0.101914
0.10191
0.101909
0.101902
0.101901
0.101899
0.101887
0.101884
0.101884
0.10188
0.101873
0.101871
0.10187
0.101868
0.101867
0.101865
0.101858
0.101857
0.101856
0.101855
0.101854
0.101848
0.101846
0.101838
0.101835
0.101835
0.101834
0.101829
0.101828
0.101822
0.101818
0.101818
0.101812
0.101809
0.101808
0.101806
0.101803
0.1018
0.101784
0.101784
0.10178
0.10178
0.101778
0.101778
0.101777
0.101761
0.101761
0.101761
0.101758
0.101753
0.101752
0.101748
0.101746
0.101746
0.101745
0.101741
0.101739
0.101738
0.101733
0.101733
0.101732
0.101731
0.101727
0.10172
0.10172
0.101714
0.101713
0.101709
0.101707
0.101707
0.101706
0.101702
0.101701
0.1017
0.101696
0.101696
0.101694
0.101693
0.10169
0.101688
0.101678
0.101678
0.101678
0.101675
0.101665
0.101657
0.101646
0.101645
0.101644
0.101638
0.101637
0.101637
0.10163
0.10162
0.101618
0.101614
0.101611
0.10161
0.10161
0.101608
0.101604
0.1016
0.101596
0.101593
0.101593
0.10159
0.10159
0.101576
0.101573
0.101572
0.101571
0.101568
0.101563
0.101559
0.101557
0.101556
0.101556
0.101553
0.10155
0.101549
0.101548
0.101546
0.101545
0.101544
0.101542
0.10154
0.101537
0.101537
0.101536
0.101529
0.101528
0.101794
0.101792
0.101789
0.101777
0.101776
0.101775
0.101772
0.101771
0.10177
0.101768
0.101768
0.101768
0.101768
0.101766
0.101765
0.101761
0.101758
0.101752
0.101749
0.101745
0.101739
0.101739
0.101739
0.101737
0.101734
0.101731
0.101731
0.10173
0.10173
0.101728
0.101728
0.101724
0.101723
0.101721
0.101721
0.101719
0.101712
0.10171
0.10171
0.101709
0.101707
0.101706
0.101705
0.101699
0.101699
0.101697
0.101694
0.101689
0.101688
0.101688
0.101686
0.101684
0.101683
0.101682
0.101682
0.101681
0.101681
0.10168
0.101679
0.101679
0.101677
0.101676
0.101674
0.101673
0.101672
0.101672
0.10167
0.10167
0.101669
0.101668
0.101664
0.101662
0.101659
0.101656
0.101655
0.101654
0.101653
0.101652
0.10165
0.101649
0.101649
0.101648
0.101643
0.101643
0.10164
0.101637
0.101636
0.101635
0.101633
0.101633
0.101633
0.101633
0.101632
0.101627
0.101627
0.101626
0.101625
0.101625
0.101625
0.101624
0.101623
0.101623
0.101619
0.101617
0.1016
0.101612
0.10161
0.101607
0.101607
0.101604
0.101603
0.101602
0.101598
0.101596
0.101595
0.101593
0.101591
0.101586
0.101582
0.101578
0.101577
0.101575
0.101574
0.101572
0.101572
0.10157
0.101568
0.101568
0.101568
0.101566
0.101566
0.101565
0.101563
0.101559
0.101557
0.101556
0.101554
0.101553
0.101551
0.101547
0.101547
0.101546
0.101543
0.101537
0.101537
0.101535
0.101535
0.101535
0.101534
0.101534
0.101533
0.10153
0.101528
0.101528
0.101527
0.101526
0.101524
0.101523
0.10152
0.101514
0.101509
0.101507
0.101506
0.101506
0.101503
0.101503
0.101501
0.101495
0.101492
0.10149
0.101489
0.101489
0.101488
0.101487
0.101485
0.101483
0.101481
0.101479
0.101475
0.101474
0.101471
0.10147
0.101469
0.101468
0.101466
0.101465
0.101462
0.101459
0.101453
0.101451
0.101449
0.101449
0.101446
0.101446
0.101445
0.101444
0.101443
0.101435
0.101434
0.10143
0.10143
0.10143
0.101423
0.101423
0.101421
0.101419
0.101419
0.101409
0.101405
0.101405
0.101403
0.101403
0.101403
0.1014
0.101398
0.101397
0.101397
0.10139
0.101389
0.101383
0.101382
0.10138
0.10138
0.10138
0.101378
0.101378
0.101368
0.101368
0.101368
0.101366
0.101364
0.101363
0.101359
0.101359
0.101357
0.101354
0.101354
0.101353
0.101353
0.101351
0.101349
0.101346
0.101341
0.101333
0.101329
0.101328
0.101328
0.101326
0.101324
0.101322
0.101321
0.101319
0.101319
0.101316
0.101316
0.101316
0.101306
0.101305
0.101304
0.101302
0.101302
0.101301
0.101301
0.101298
0.101298
0.101296
0.101296
0.101295
0.101293
0.101289
0.101288
0.101285
0.101283
0.101282
0.101281
0.10128
0.101279
0.101276
0.101276
0.101274
0.101274
0.101273
0.101273
0.101269
0.101269
0.101268
0.101266
0.101265
0.101265
0.101265
0.101263
0.101262
0.10126
0.10126
0.101257
0.101257
0.101251
0.101249
0.101245
0.101244
0.101242
0.101242
0.101239
0.101239
0.101237
0.101236
0.101236
0.10123
0.101229
0.101228
0.101228
0.101226
0.101225
0.101224
0.101222
0.10122
0.101218
0.101214
0.101211
0.10121
0.101205
0.101204
0.101201
0.101201
0.1012
0.101195
0.101194
0.101193
0.101192
0.101189
0.101189
0.101187
0.101186
0.101186
0.101184
0.101184
0.101184
0.101183
0.101183
0.101181
0.101178
0.101178
0.101175
0.101171
0.10117
0.101167
0.101165
0.101164
0.101163
0.101162
0.10116
0.101158
0.101158
0.101155
0.101153
0.101151
0.101151
0.101147
0.101146
0.101145
0.101144
0.101143
0.101141
0.101141
0.10114
0.101137
0.101137
0.101135
0.101134
0.101128
0.101128
0.101123
0.101123
0.101122
0.101118
0.101115
0.101115
0.101112
0.101112
0.10111
0.101109
0.101107
0.101106
0.101105
0.101104
0.101103
0.101102
0.1011
0.101099
0.101092
0.101091
0.10109
0.10109
0.101089
0.101089
0.101088
0.101088
0.101088
0.101087
0.101082
0.101081
0.101081
0.101078
0.101078
0.101074
0.101073
0.101072
0.101071
0.101071
0.101068
0.101064
0.101063
0.101061
0.10106
0.101057
0.101056
0.101054
0.101053
0.101052
0.10105
0.101049
0.101046
0.101043
0.101043
0.101041
0.101036
0.101035
0.101035
0.101034
0.101032
0.101031
0.10103
0.101028
0.101028
0.101025
0.101025
0.101025
0.101024
0.101024
0.101023
0.101023
0.101023
0.101019
0.101018
0.101016
0.101014
0.101014
0.101014
0.101012
0.101012
0.101012
0.101007
0.101007
0.101004
0.101003
0.101002
0.100999
0.100997
0.100996
0.100996
0.100996
0.100995
0.100994
0.100994
0.100993
0.100993
0.100992
0.100991
0.100986
0.100984
0.100984
0.100983
0.10098
0.10098
0.100975
0.100972
0.100967
0.100966
0.100964
0.100963
0.10096
0.100959
0.100958
0.100957
0.100957
0.100956
0.100956
0.100955
0.100955
0.100954
0.100954
0.100953
0.100952
0.100951
0.10095
0.10095
0.10095
0.100946
0.100945
0.100945
0.100944
0.100941
0.10094
0.10094
0.10094
0.100939
0.100939
0.100939
0.100938
0.100936
0.100935
0.100934
0.100934
0.100933
0.100932
0.100932
0.100932
0.10093
0.100928
0.100926
0.100926
0.100926
0.100921
0.100921
0.100918
0.100917
0.100916
0.100916
0.100915
0.100914
0.100914
0.100913
0.100913
0.100912
0.100911
0.10091
0.10091
0.100908
0.100907
0.100906
0.100904
0.100901
0.100899
0.100897
0.100896
0.100892
0.100891
0.10089
0.10089
0.100884
0.100882
0.100881
0.10088
0.100877
0.100877
0.100875
0.100875
0.100874
0.100872
0.100871
0.10087
0.100868
0.100867
0.100866
0.100865
0.100864
0.100863
0.10086
0.100859
0.100859
0.100856
0.100855
0.100853
0.100852
0.100849
0.100848
0.100847
0.100847
0.100844
0.100841
0.10084
0.100839
0.100839
0.100837
0.100837
0.100836
0.100834
0.100833
0.100832
0.100831
0.100831
0.100829
0.100826
0.100826
0.100824
0.100823
0.100822
0.100821
0.10082
0.100819
0.100818
0.100814
0.100814
0.100814
0.100813
0.100812
0.10081
0.100809
0.100809
0.100808
0.100808
0.100808
0.100808
0.100807
0.100807
0.100807
0.100806
0.100806
0.100805
0.100801
0.1008
0.100799
0.100799
0.100797
0.100796
0.100793
0.100791
0.100791
0.100788
0.100788
0.100787
0.100786
0.100785
0.100784
0.100784
0.100783
0.100783
0.100782
0.100782
0.100778
0.100775
0.100773
0.100773
0.100772
0.100772
0.100769
0.100769
0.100769
0.100768
0.100767
0.100767
0.100767
0.100766
0.100762
0.100761
0.100759
0.100759
0.100756
0.100756
0.100755
0.100754
0.100753
0.100753
0.100752
0.100752
0.10075
0.10075
0.100748
0.100747
0.100747
0.100746
0.100746
0.100745
0.100736
0.100735
0.100734
0.100733
0.100733
0.100732
0.100732
0.100732
0.100731
0.100731
0.100729
0.100728
0.100728
0.100723
0.100722
0.100722
0.100721
0.100721
0.100719
0.100718
0.100718
0.100717
0.100716
0.100714
0.100713
0.100712
0.100711
0.100709
0.100709
0.100707
0.100707
0.100707
0.100703
0.100703
0.100702
0.100702
0.100701
0.100701
0.1007
0.100699
0.100697
0.100697
0.100696
0.100695
0.100692
0.10069
0.100689
0.100688
0.100688
0.100687
0.100687
0.100686
0.100685
0.100682
0.100681
0.100681
0.100679
0.100679
0.100678
0.100676
0.100676
0.100676
0.100675
0.100675
0.100672
0.100672
0.100671
0.100671
0.10067
0.10067
0.100668
0.100667
0.100667
0.100667
0.100667
0.100666
0.100665
0.100665
0.100663
0.100662
0.100662
0.100661
0.100657
0.100657
0.100655
0.100655
0.100655
0.100654
0.100653
0.100653
0.100653
0.100653
0.100652
0.100651
0.10065
0.100649
0.100649
0.100648
0.100648
0.100647
0.100643
0.100643
0.100642
0.100642
0.100641
0.10064
0.100639
0.100638
0.100638
0.100638
0.100636
0.100636
0.100636
0.100636
0.100635
0.100635
0.100632
0.100632
0.100631
0.10063
0.100629
0.100626
0.100625
0.100624
0.100623
0.100623
0.100623
0.100622
0.100618
0.100618
0.100616
0.100614
0.100613
0.100613
0.100612
0.100612
0.100611
0.100608
0.100606
0.100605
0.100604
0.100602
0.100601
0.100601
0.100601
0.100599
0.100596
0.100596
0.100594
0.100594
0.100593
0.100593
0.100592
0.100592
0.100591
0.100591
0.10059
0.10059
0.10059
0.100589
0.100587
0.100586
0.100585
0.100584
0.100582
0.100582
0.100581
0.10058
0.10058
0.100579
0.100578
0.100578
0.100578
0.100573
0.100568
0.100567
0.100566
0.100566
0.100564
0.100564
0.100562
0.100562
0.100561
0.100561
0.10056
0.100559
0.100558
0.100558
0.100557
0.100556
0.100556
0.100555
0.100552
0.100552
0.100549
0.100549
0.100548
0.100547
0.100545
0.100545
0.100544
0.100544
0.100543
0.100541
0.100539
0.100539
0.100539
0.100539
0.100538
0.100537
0.100537
0.100535
0.100534
0.100533
0.100533
0.100532
0.100531
0.100531
0.100527
0.100526
0.100526
0.100525
0.100524
0.100524
0.100523
0.100522
0.100522
0.100521
0.100521
0.100519
0.100519
0.100518
0.100515
0.100514
0.100514
0.100514
0.100513
0.100512
0.100512
0.100511
0.10051
0.10051
0.10051
0.100508
0.100507
0.100507
0.100505
0.100504
0.100502
0.100502
0.100578
0.100578
0.100577
0.100574
0.100574
0.100574
0.100574
0.100573
0.100573
0.100571
0.100571
0.100571
0.100569
0.100569
0.100569
0.100569
0.100568
0.100568
0.100566
0.100566
0.100565
0.100564
0.100563
0.100563
0.100562
0.100561
0.100561
0.10056
0.100558
0.100558
0.100558
0.100557
0.100555
0.100553
0.100553
0.100553
0.100552
0.100552
0.100551
0.100548
0.100547
0.100547
0.100547
0.100546
0.100546
0.100545
0.100545
0.100543
0.100543
0.100543
0.100541
0.100541
0.100541
0.10054
0.100539
0.100539
0.100539
0.100539
0.100539
0.100538
0.100538
0.100537
0.100537
0.100537
0.100536
0.100536
0.100536
0.100534
0.100534
0.100533
0.100531
0.100531
0.100531
0.10053
0.100529
0.100529
0.100528
0.100528
0.100527
0.100526
0.100524
0.100522
0.100522
0.100521
0.100521
0.10052
0.10052
0.100517
0.100517
0.100518
0.100517
0.100516
0.100514
0.100514
0.100514
0.100512
0.100511
0.10051
0.100508
0.100507
0.100504
0.0.100504
0.100503
0.100502
0.100501
0.100501
0.100501
0.100501
0.100501
0.100499
0.100499
0.100499
0.100498
0.100498
0.100498
0.100497
0.100497
0.100496
0.100495
0.100495
0.100495
0.100495
0.100493
0.100493
0.100493
0.100493
0.100492
0.100492
0.100491
0.10049
0.10049
0.10049
0.10049
0.100489
0.100489
0.100487
0.100487
0.100487
0.100486
0.100485
0.100484
0.100484
0.100483
0.100481
0.100481
0.100481
0.100479
0.100479
0.100479
0.100477
0.100477
0.100475
0.100475
0.100475
0.100475
0.100474
0.100473
0.100472
0.100472
0.100472
0.100472
0.100471
0.100469
0.100468
0.100466
0.100465
0.100465
0.100465
0.100465
0.100464
0.100464
0.100463
0.100463
0.100463
0.100462
0.100462
0.10046
0.10046
0.10046
0.100459
0.100458
0.100457
0.100456
0.100456
0.100456
0.100456
0.100456
0.100455
0.100455
0.100453
0.100453
0.100452
0.100452
0.100451
0.100451
0.100451
0.100449
0.100449
0.100449
0.100449
0.100448
0.100447
0.100445
0.100445
0.100445
0.100445
0.100443
0.100441
0.10044
0.10044
0.10044
0.100438
0.100438
0.100438
0.100438
0.100437
0.100436
0.100435
0.100435
0.100434
0.100434
0.100432
0.100431
0.100431
0.100431
0.100431
0.100429
0.100428
0.100427
0.100426
0.100426
0.100426
0.100424
0.100423
0.100423
0.100422
0.100422
0.100421
0.100421
0.10042
0.10042
0.10042
0.100419
0.100419
0.100418
0.100418
0.100418
0.100417
0.100417
0.100416
0.100416
0.100416
0.100415
0.100414
0.100413
0.100413
0.100412
0.100412
0.100412
0.100412
0.100409
0.100408
0.100408
0.100407
0.100406
0.100406
0.100405
0.100405
0.100405
0.100405
0.100404
0.100404
0.100404
0.100402
0.1004
0.1004
0.1004
0.1004
0.100399
0.100399
0.100399
0.100398
0.100397
0.100397
0.100395
0.100395
0.100394
0.100394
0.100393
0.100393
0.100392
0.100392
0.100392
0.100392
0.100391
0.100391
0.10039
0.10039
0.100389
0.100387
0.100386
0.100386
0.100386
0.100386
0.100386
0.100386
0.100384
0.100384
0.100384
0.100384
0.100382
0.100381
0.10038
0.10038
0.100379
0.100378
0.100377
0.100376
0.100375
0.100375
0.100375
0.100374
0.100374
0.100373
0.100373
0.100372
0.100371
0.100371
0.100371
0.100371
0.100371
0.10037
0.100369
0.100369
0.100369
0.100368
0.100368
0.100366
0.100366
0.100365
0.100365
0.100364
0.100364
0.100364
0.100363
0.100363
0.100363
0.100363
0.100363
0.100358
0.100358
0.100358
0.100358
0.100357
0.100357
0.100357
0.100357
0.100356
0.100355
0.100355
0.100354
0.100353
0.100353
0.100351
0.100351
0.100351
0.100351
0.100351
0.100351
0.10035
0.100349
0.100347
0.100347
0.100347
0.100346
0.100345
0.100345
0.100344
0.100344
0.100344
0.100344
0.100343
0.100342
0.100342
0.100341
0.100341
0.10034
0.10034
0.10034
0.100339
0.100339
0.100339
0.100339
0.100338
0.100338
0.100337
0.100337
0.100337
0.100334
0.100334
0.100334
0.100333
0.100333
0.100332
0.100331
0.100331
0.100331
0.100331
0.100331
0.100331
0.100328
0.100326
0.100325
0.100324
0.100324
0.100323
0.100323
0.100323
0.100322
0.100322
0.100321
0.100321
0.100321
0.10032
0.10032
0.10032
0.10032
0.100319
0.100318
0.100318
0.100317
0.100317
0.100316
0.100315
0.100315
0.100315
0.100314
0.100314
0.100314
0.100313
0.100313
0.100312
0.100312
0.100312
0.100311
0.10031
0.10031
0.100309
0.100308
0.100308
0.100307
0.100307
0.100307
0.100307
0.100306
0.100305
0.100305
0.100304
0.100304
0.100304
0.100303
0.100303
0.100302
0.100301
0.100301
0.100301
0.1003
0.1003
0.100299
0.100299
0.100299
0.100299
0.100298
0.100298
0.100297
0.100296
0.100296
0.100295
0.100295
0.100295
0.100295
0.100294
0.100294
0.100294
0.100294
0.100293
0.100293
0.100293
0.100292
0.100292
0.100292
0.100291
0.10029
0.10029
0.10029
0.10029
0.10029
0.100289
0.100289
0.100288
0.100287
0.100287
0.100287
0.100287
0.100286
0.100286
0.100285
0.100285
0.100284
0.100283
0.100282
0.100282
0.100281
0.100281
0.100281
0.10028
0.100279
0.100278
0.100278
0.100278
0.100277
0.100277
0.100277
0.100277
0.100276
0.100276
0.100276
0.100276
0.100276
0.100276
0.100276
0.100275
0.100275
0.100274
0.100274
0.100274
0.100273
0.100273
0.100272
0.100271
0.100271
0.100271
0.10027
0.10027
0.10027
0.100269
0.100269
0.100268
0.100267
0.100267
0.100267
0.100267
0.100267
0.100267
0.100267
0.100266
0.100266
0.100265
0.100264
0.100263
0.100263
0.100263
0.100263
0.100262
0.100262
0.100262
0.100261
0.100261
0.10026
0.100259
0.100259
0.100258
0.100257
0.100257
0.100255
0.100255
0.100255
0.100255
0.100254
0.100253
0.100253
0.100253
0.100252
0.100252
0.100252
0.100252
0.10025
0.10025
0.100249
0.100248
0.100248
0.100247
0.100245
0.100245
0.100245
0.100245
0.100245
0.100245
0.100244
0.100244
0.100243
0.100243
0.100243
0.100243
0.100243
0.100242
0.100242
0.100242
0.100241
0.100241
0.10024
0.100239
0.100239
0.100239
0.100239
0.100238
0.100238
0.100237
0.100237
0.100237
0.100237
0.100237
0.100237
0.100235
0.100235
0.100235
0.100234
0.100234
0.100234
0.100234
0.100234
0.100233
0.100233
0.100233
0.100232
0.100232
0.100232
0.100231
0.100231
0.100231
0.10023
0.10023
0.100229
0.100229
0.100229
0.100228
0.100228
0.100228
0.100227
0.100227
0.100227
0.100227
0.100225
0.100225
0.100225
0.100224
0.100224
0.100223
0.100223
0.100223
0.100223
0.100223
0.100223
0.100222
0.100222
0.100221
0.100221
0.100221
0.10022
0.10022
0.100219
0.100219
0.100218
0.100218
0.100218
0.100218
0.100217
0.100217
0.100216
0.100216
0.100216
0.100215
0.100215
0.100214
0.100214
0.100214
0.100213
0.100213
0.100213
0.100213
0.100213
0.100213
0.100212
0.100212
0.100212
0.100211
0.10021
0.10021
0.10021
0.10021
0.100209
0.100209
0.100209
0.100208
0.100208
0.100207
0.100206
0.100206
0.100206
0.100206
0.100205
0.100205
0.100205
0.100205
0.100204
0.100204
0.100204
0.100204
0.100202
0.100221
0.100221
0.100221
0.100219
0.100219
0.100219
0.100218
0.100217
0.100216
0.100216
0.100216
0.100216
0.100215
0.100215
0.100214
0.100214
0.100214
0.100213
0.100213
0.100212
0.100212
0.100212
0.100211
0.100211
0.100211
0.100211
0.100211
0.10021
0.100209
0.100209
0.100209
0.100209
0.100208
0.100208
0.100208
0.100208
0.100208
0.100207
0.100207
0.100207
0.100207
0.100207
0.100206
0.100206
0.100206
0.100206
0.100206
0.100206
0.100205
0.100205
0.100205
0.100205
0.100205
0.100205
0.100205
0.100205
0.100204
0.100204
0.100204
0.100204
0.100204
0.100203
0.100203
0.100202
0.100202
0.100201
0.1002
0.1002
0.100199
0.100199
0.100199
0.100199
0.100198
0.100198
0.100198
0.100198
0.100198
0.100198
0.100197
0.100197
0.100196
0.100196
0.100196
0.100195
0.100195
0.100195
0.100195
0.100194
0.100194
0.100194
0.100193
0.100193
0.100193
0.100192
0.100191
0.100191
0.100191
0.100191
0.100191
0.10019
0.10019
0.10019
0.100189
0.100189
0.100189
0.100189
0.100188
0.100188
0.100188
0.100188
0.100188
0.100187
0.100187
0.100186
0.100186
0.100186
0.100186
0.100185
0.100185
0.100185
0.100184
0.100184
0.100184
0.100184
0.100184
0.100184
0.100184
0.100183
0.100183
0.100182
0.100182
0.100182
0.100182
0.100182
0.100181
0.100181
0.100181
0.100181
0.10018
0.10018
0.10018
0.10018
0.10018
0.10018
0.100179
0.100179
0.100179
0.100179
0.100179
0.100178
0.100178
0.100177
0.100177
0.100177
0.100177
0.100177
0.100176
0.100176
0.100176
0.100176
0.100176
0.100175
0.100175
0.100175
0.100174
0.100174
0.100174
0.100174
0.100173
0.100173
0.100172
0.100172
0.100172
0.100172
0.100172
0.100171
0.100171
0.100171
0.100171
0.100171
0.100171
0.100171
0.100171
0.10017
0.100169
0.100169
0.100169
0.100169
0.100169
0.100168
0.100168
0.100167
0.100167
0.100167
0.100167
0.100166
0.100166
0.100166
0.100166
0.100166
0.100166
0.100166
0.100166
0.100166
0.100166
0.100166
0.100166
0.100166
0.100166
0.100165
0.100164
0.100164
0.100164
0.100164
0.100164
0.100164
0.100163
0.100163
0.100163
0.100163
0.100163
0.100162
0.100162
0.100162
0.100161
0.100161
0.100161
0.100161
0.10016
0.10016
0.10016
0.10016
0.10016
0.10016
0.100159
0.100159
0.100159
0.100159
0.100159
0.100158
0.100158
0.100156
0.100156
0.100156
0.100156
0.100155
0.100154
0.100154
0.100154
0.100154
0.100154
0.100153
0.100153
0.100153
0.100153
0.100153
0.100152
0.100152
0.100152
0.100152
0.100151
0.100151
0.100151
0.100151
0.10015
0.10015
0.10015
0.10015
0.10015
0.10015
0.10015
0.100149
0.100149
0.100148
0.100148
0.100148
0.100147
0.100147
0.100147
0.100147
0.100147
0.100147
0.100147
0.100146
0.100146
0.100146
0.100144
0.100144
0.100144
0.100144
0.100144
0.100143
0.100143
0.100143
0.100143
0.100142
0.100142
0.100142
0.100141
0.100141
0.100141
0.1001400.100141
0.10014
0.10014
0.10014
0.10014
0.100139
0.100139
0.100139
0.100139
0.100138
0.100137
0.100137
0.100137
0.100136
0.100136
0.100135
0.100135
0.100135
0.100135
0.100135
0.100134
0.100134
0.100134
0.100134
0.100133
0.100133
0.100132
0.100132
0.100132
0.100132
0.100132
0.100132
0.100132
0.100132
0.100132
0.100132
0.100131
0.100131
0.100131
0.100131
0.100131
0.100131
0.10013
0.10013
0.10013
0.10013
0.10013
0.10013
0.10013
0.10013
0.10013
0.100129
0.100129
0.100129
0.100129
0.100129
0.100129
0.100129
0.100129
0.100128
0.100128
0.100128
0.100128
0.100128
0.100128
0.100128
0.100128
0.100128
0.100128
0.100127
0.100127
0.100127
0.100126
0.100126
0.100126
0.100125
0.100125
0.100125
0.100124
0.100124
0.100124
0.100124
0.100124
0.100124
0.100123
0.100123
0.100123
0.100123
0.100123
0.100122
0.100122
0.100122
0.100122
0.100122
0.100122
0.100122
0.100121
0.100121
0.10012
0.10012
0.10012
0.10012
0.10012
0.10012
0.100119
0.100119
0.100118
0.100118
0.100118
0.100118
0.100118
0.100118
0.100117
0.100117
0.100117
0.100117
0.100117
0.100117
0.100117
0.100117
0.100115
0.100115
0.100115
0.100115
0.100115
0.100114
0.100114
0.100113
0.100113
0.100112
0.100112
0.100112
0.100112
0.100111
0.100111
0.100111
0.100111
0.100111
0.100111
0.100111
0.10011
0.10011
0.10011
0.10011
0.10011
0.10011
0.10011
0.100109
0.100109
0.100108
0.100108
0.100108
0.100108
0.100108
0.100108
0.100107
0.100107
0.100106
0.100106
0.100106
0.100106
0.100106
0.100106
0.100105
0.100105
0.100105
0.100105
0.100105
0.100105
0.100105
0.100104
0.100104
0.100104
0.100104
0.100104
0.100104
0.100103
0.100103
0.100103
0.100103
0.100103
0.100103
0.100103
0.100103
0.100103
0.100102
0.100102
0.100102
0.100102
0.100102
0.100102
0.100101
0.100101
0.1001
0.1001
0.1001
0.1001
0.1001
0.1001
0.1001
0.1001
0.1001
0.100099
0.100099
0.100099
0.100099
0.100099
0.100099
0.100099
0.100098
0.100098
0.100098
0.100097
0.100097
0.100097
0.100097
0.100097
0.100097
0.100096
0.100096
0.100096
0.100096
0.100095
0.100095
0.100095
0.100095
0.100095
0.100094
0.100094
0.100094
0.100094
0.100093
0.100093
0.100093
0.100093
0.100092
0.100092
0.100092
0.100092
0.100092
0.100092
0.100092
0.100092
0.100091
0.100091
0.100091
0.100091
0.100091
0.100091
0.10009
0.10009
0.10009
0.100089
0.100089
0.100089
0.100089
0.100089
0.100089
0.100089
0.100089
0.100089
0.100089
0.100088
0.100088
0.100088
0.100088
0.100088
0.100088
0.100088
0.100087
0.100087
0.100087
0.100086
0.100086
0.100086
0.100086
0.100086
0.100086
0.100085
0.100085
0.100085
0.100084
0.100084
0.100083
0.100083
0.100083
0.100082
0.100082
0.100082
0.100082
0.100082
0.100082
0.100082
0.100082
0.100081
0.100081
0.100081
0.100081
0.100081
0.100081
0.10008
0.10008
0.100079
0.100079
0.100079
0.100079
0.100079
0.100078
0.100078
0.100078
0.100078
0.100078
0.100078
0.100078
0.100078
0.100078
0.100077
0.100077
0.100077
0.100077
0.100077
0.100076
0.100076
0.100076
0.100076
0.100076
0.100076
0.100076
0.100076
0.100075
0.100075
0.100075
0.100075
0.100075
0.100075
0.100075
0.100074
0.100074
0.100074
0.100074
0.100074
0.100074
0.100074
0.100073
0.100073
0.100073
0.100073
0.100073
0.100072
0.100072
0.100072
0.100072
0.100072
0.100072
0.100072
0.100072
0.100072
0.100072
0.100071
0.100071
0.100071
0.100071
0.100071
0.100071
0.10007
0.10007
0.10007
0.10007
0.10007
0.10007
0.100069
0.100069
0.100069
0.100069
0.100069
0.100068
0.100068
0.100068
0.100068
0.100068
0.100068
0.100068
0.100068
0.100067
0.100067
0.100067
0.100067
0.100067
0.100066
0.100066
0.100066
0.100066
0.100066
0.100066
0.100065
0.100065
0.100065
0.100065
0.100065
0.100065
0.100065
0.100065
0.100065
0.100065
0.100065
0.100064
0.100064
0.100064
0.100064
0.100063
0.100063
0.100063
0.100063
0.100063
0.100063
0.100063
0.100063
0.100063
0.100063
0.100063
0.100062
0.100062
0.100062
0.100062
0.100062
0.100061
0.100061
0.100061
0.100061
0.10006
0.10006
0.10006
0.10006
0.10006
0.10006
0.100059
0.100059
0.100059
0.100059
0.100059
0.100059
0.100059
0.100059
0.100059
0.100059
0.100059
0.100059
0.100058
0.100058
0.100058
0.100058
0.100058
0.100058
0.100058
0.100058
0.100057
0.100057
0.100057
0.100057
0.100056
0.100056
0.100056
0.100056
0.100055
0.100055
0.100055
0.100055
0.100054
0.100054
0.100054
0.100054
0.100054
0.100054
0.100054
0.100054
0.100053
0.100053
0.100053
0.100053
0.100053
0.100053
0.100052
0.100052
0.100052
0.100052
0.100052
0.100052
0.100052
0.100052
0.100052
0.100052
0.100052
0.100052
0.100051
0.100051
0.100051
0.100051
0.100051
0.100051
0.100051
0.100051
0.100051
0.100051
0.10005
0.10005
0.10005
0.10005
0.10005
0.10005
0.10005
0.10005
0.10005
0.100049
0.100049
0.100049
0.100049
0.100049
0.100049
0.100049
0.100049
0.100049
0.100048
0.100048
0.100048
0.100048
0.100048
0.100048
0.100048
0.100048
0.100047
0.100047
0.100047
0.100047
0.100047
0.100047
0.100047
0.100047
0.100046
0.100046
0.100046
0.100046
0.100046
0.100046
0.100045
0.100045
0.100045
0.100045
0.100045
0.100045
0.100045
0.100045
0.100045
0.100045
0.100045
0.100044
0.100044
0.100044
0.100044
0.100044
0.100044
0.100044
0.100044
0.100044
0.100044
0.100044
0.100044
0.100043
0.100043
0.100043
0.100043
0.100043
0.100043
0.100043
0.100042
0.100042
0.100042
0.100042
0.100042
0.100042
0.100042
0.100042
0.100041
0.100041
0.100041
0.100041
0.100041
0.100041
0.100041
0.100041
0.100041
0.100041
0.100041
0.100041
0.10004
0.10004
0.10004
0.10004
0.10004
0.10004
0.10004
0.10004
0.10004
0.10004
0.10004
0.100039
0.100039
0.100039
0.100039
0.100039
0.100039
0.100039
0.100038
0.100038
0.100038
0.100038
0.100038
0.100038
0.100038
0.100037
0.100037
0.100037
0.100037
0.100037
0.100037
0.100037
0.100037
0.100037
0.100037
0.100037
0.100037
0.100068
0.100068
0.100068
0.100068
0.100068
0.100068
0.100068
0.100068
0.100067
0.100067
0.100067
0.100067
0.100067
0.100067
0.100067
0.100067
0.100067
0.100067
0.100066
0.100066
0.100066
0.100066
0.100065
0.100065
0.100065
0.100065
0.100065
0.100065
0.100065
0.100064
0.100064
0.100064
0.100064
0.100064
0.100064
0.100064
0.100064
0.100064
0.100064
0.100064
0.100064
0.100063
0.100063
0.100063
0.100063
0.100063
0.100063
0.100063
0.100063
0.100063
0.100063
0.100063
0.100063
0.100062
0.100062
0.100062
0.100062
0.100062
0.100062
0.100062
0.100062
0.100062
0.100062
0.100062
0.100062
0.100062
0.100061
0.100061
0.100061
0.100061
0.100061
0.100061
0.100061
0.10006
0.10006
0.10006
0.10006
0.10006
0.10006
0.10006
0.10006
0.10006
0.10006
0.10006
0.10006
0.10006
0.100059
0.100059
0.100059
0.100059
0.100059
0.100059
0.100059
0.100059
0.100059
0.100059
0.100059
0.100059
0.100059
0.100059
0.100058
0.100058
0.100058
0.100058
0.100058
0.100058
0.100058
0.100058
0.100058
0.100058
0.100058
0.100058
0.100057
0.100057
0.100057
0.100057
0.100057
0.100057
0.100057
0.100057
0.100057
0.100057
0.100056
0.100056
0.100056
0.100056
0.100056
0.100056
0.100055
0.100055
0.100055
0.100055
0.100055
0.100055
0.100055
0.100055
0.100055
0.100055
0.100055
0.100054
0.100054
0.100054
0.100054
0.100054
0.100054
0.100054
0.100054
0.100054
0.100054
0.100054
0.100054
0.100054
0.100054
0.100054
0.100053
0.100053
0.100053
0.100053
0.100053
0.100053
0.100053
0.100053
0.100065
0.100065
0.100065
0.100065
0.100065
0.100065
0.100065
0.100065
0.100065
0.100065
0.100064
0.100064
0.100064
0.100064
0.100064
0.100064
0.100064
0.100064
0.100064
0.100064
0.100063
0.100063
0.100063
0.100063
0.100063
0.100063
0.100063
0.100063
0.100063
0.100063
0.100063
0.100063
0.100063
0.100063
0.100063
0.100063
0.100063
0.100063
0.100062
0.100062
0.100062
0.100062
0.100062
0.100061
0.100061
0.100061
0.100061
0.100061
0.100061
0.100061
0.100061
0.100061
0.100061
0.100061
0.100061
0.100061
0.100061
0.100061
0.10006
0.10006
0.10006
0.10006
0.10006
0.10006
0.10006
0.100059
0.100059
0.100059
0.100059
0.100059
0.100059
0.100059
0.100059
0.100059
0.100059
0.100059
0.100058
0.100058
0.100058
0.100058
0.100058
0.100058
0.100058
0.100058
0.100058
0.100058
0.100057
0.100057
0.100057
0.100057
0.100057
0.100057
0.100057
0.100057
0.100057
0.100057
0.100057
0.100057
0.100056
0.100056
0.100056
0.100056
0.100056
0.100056
0.100056
0.100056
0.100056
0.100056
0.100056
0.100055
0.100055
0.100055
0.100055
0.100055
0.100055
0.100055
0.100054
0.100054
0.100054
0.100054
0.100054
0.100054
0.100054
0.100054
0.100054
0.100054
0.100053
0.100053
0.100053
0.10005
0.100053
0.100053
0.100053
0.100053
0.100053
0.100053
0.100053
0.100053
0.100053
0.100053
0.100053
0.100052
0.100052
0.100052
0.100052
0.100052
0.100052
0.100052
0.100052
0.100052
0.100052
0.100052
0.100051
0.100051
0.100051
0.100051
0.100051
0.100051
0.100051
0.100051
0.100051
0.100051
0.100051
0.100051
0.100051
0.100051
0.100051
0.100051
0.100051
0.10005
0.10005
0.10005
0.10005
0.10005
0.10005
0.10005
0.10005
0.10005
0.10005
0.10005
0.10005
0.10005
0.100049
0.100049
0.100049
0.100049
0.100049
0.100049
0.100049
0.100049
0.100049
0.100049
0.100049
0.100049
0.100049
0.100049
0.100049
0.100049
0.100048
0.100048
0.100048
0.100048
0.100048
0.100048
0.100048
0.100048
0.100048
0.100047
0.100047
0.100047
0.100047
0.100047
0.100047
0.100047
0.100047
0.100047
0.100047
0.100047
0.100047
0.100047
0.100047
0.100047
0.100047
0.100047
0.100046
0.100046
0.100046
0.100046
0.100046
0.100046
0.100046
0.100046
0.100046
0.100046
0.100046
0.100046
0.100046
0.100045
0.100045
0.100045
0.100045
0.100045
0.100045
0.100045
0.100045
0.100045
0.100045
0.100044
0.100044
0.100044
0.100044
0.100044
0.100044
0.100044
0.100044
0.100044
0.100044
0.100044
0.100044
0.100044
0.100044
0.100044
0.100044
0.100044
0.100044
0.100044
0.100043
0.100043
0.100043
0.100043
0.100043
0.100043
0.100043
0.100043
0.100043
0.100043
0.100043
0.100043
0.100043
0.100043
0.100043
0.100043
0.100043
0.100043
0.100042
0.100042
0.100042
0.100042
0.100042
0.100042
0.100042
0.100042
0.100042
0.100042
0.100042
0.100042
0.100042
0.100042
0.100042
0.100042
0.100042
0.100042
0.100042
0.100042
0.100041
0.100041
0.100041
0.100041
0.100041
0.100041
0.100041
0.100041
0.100041
0.10004
0.10004
0.10004
0.10004
0.10004
0.10004
0.10004
0.10004
0.10004
0.10004
0.10004
0.10004
0.10004
0.10004
0.10004
0.10004
0.10004
0.10004
0.100039
0.100039
0.100039
0.100039
0.100039
0.100039
0.100039
0.100039
0.100039
0.100039
0.100039
0.100039
0.100038
0.100038
0.100038
0.100038
0.100038
0.100038
0.100038
0.100038
0.100038
0.100038
0.100038
0.100038
0.100037
0.100037
0.100037
0.100037
0.100037
0.100037
0.100037
0.100037
0.100037
0.100037
0.100037
0.100037
0.100037
0.100037
0.100037
0.100037
0.100036
0.100036
0.100036
0.100036
0.100036
0.100036
0.100036
0.100036
0.100036
0.100036
0.100036
0.100036
0.100036
0.100036
0.100036
0.100036
0.100036
0.100035
0.100035
0.100035
0.100035
0.100035
0.100035
0.100035
0.100035
0.100035
0.100035
0.100035
0.100035
0.100035
0.100035
0.100035
0.100035
0.100035
0.100035
0.100035
0.100035
0.100035
0.100035
0.100035
0.100035
0.100035
0.100035
0.100035
0.100035
0.100034
0.100034
0.100034
0.100034
0.100034
0.100034
0.100034
0.100034
0.100034
0.100034
0.100034
0.100034
0.100034
0.100034
0.100034
0.100034
0.100034
0.100033
0.100033
0.100033
0.100033
0.100033
0.100033
0.100033
0.100033
0.100033
0.100033
0.100033
0.100033
0.100033
0.100033
0.100032
0.100032
0.100032
0.100032
0.100032
0.100032
0.100032
0.100032
0.100032
0.100032
0.100032
0.100032
0.100032
0.100032
0.100032
0.100032
0.100032
0.100032
0.100032
0.100032
0.100031
0.100031
0.100031
0.100031
0.100031
0.100031
0.100031
0.100031
0.100031
0.100031
0.100031
0.100031
0.100031
0.100031
0.100031
0.100031
0.10003
0.10003
0.10003
0.10003
0.10003
0.10003
0.10003
0.10003
0.10003
0.10003
0.10003
0.10003
0.10003
0.10003
0.10003
0.10003
0.10003
0.10003
0.10003
0.10003
0.100029
0.100029
0.100029
0.100029
0.100029
0.100029
0.100029
0.100029
0.100029
0.100029
0.100029
0.100029
0.100029
0.100029
0.100029
0.100029
0.100029
0.100029
0.100029
0.100029
0.100029
0.100029
0.100029
0.100028
0.100028
0.100028
0.100028
0.100028
0.100028
0.100028
0.100028
0.100028
0.100028
0.100028
0.100028
0.100028
0.100028
0.100028
0.100028
0.100028
0.100028
0.100028
0.100028
0.100028
0.100028
0.100028
0.100028
0.100028
0.100028
0.100028
0.100027
0.100027
0.100027
0.100027
0.100027
0.100027
0.100027
0.100027
0.100027
0.100027
0.100027
0.100027
0.100027
0.100027
0.100027
0.100027
0.100027
0.100027
0.100027
0.100026
0.100026
0.100026
0.100026
0.100026
0.100026
0.100026
0.100026
0.100026
0.100026
0.100026
0.100026
0.100026
0.100026
0.100026
0.100026
0.100026
0.100026
0.100025
0.100025
0.100025
0.100025
0.100025
0.100025
0.100025
0.100025
0.100025
0.100025
0.100025
0.100025
0.100025
0.100025
0.100025
0.100025
0.100025
0.100025
0.100025
0.100025
0.100025
0.100025
0.100025
0.100025
0.100025
0.100025
0.100025
0.100025
0.100024
0.100024
0.100024
0.100024
0.100024
0.100024
0.100024
0.100024
0.100024
0.100024
0.100024
0.100024
0.100024
0.100024
0.100024
0.100024
0.100024
0.100024
0.100024
0.100024
0.100024
0.100024
0.100024
0.100024
0.100024
0.100024
0.100024
0.100024
0.100024
0.100023
0.100023
0.100023
0.100023
0.100023
0.100023
0.100023
0.100023
0.100023
0.100023
0.100023
0.100023
0.100023
0.100023
0.100023
0.100023
0.100023
0.100023
0.100023
0.100023
0.100023
0.100022
0.100022
0.100022
0.100022
0.100022
0.100022
0.100022
0.100022
0.100022
0.100022
0.100022
0.100022
0.100022
0.100022
0.100022
0.100022
0.100022
0.100022
0.100022
0.100022
0.100022
0.100022
0.100022
0.100022
0.100022
0.100022
0.100022
0.100022
0.100022
0.100021
0.100021
0.100021
0.100021
0.100021
0.100021
0.100021
0.100021
0.100021
0.100021
0.100021
0.100021
0.100021
0.100021
0.100021
0.100021
0.100021
0.100021
0.100021
0.100021
0.100021
0.100021
0.100021
0.100021
0.100021
0.100021
0.100021
0.100021
0.100021
0.100021
0.100021
0.100021
0.100021
0.100021
0.100021
0.100021
0.10002
0.10002
0.10002
0.10002
0.10002
0.10002
0.10002
0.10002
0.10002
0.10002
0.10002
0.10002
0.10002
0.10002
0.10002
0.10002
0.10002
0.10002
0.10002
0.10002
0.10002
0.10002
0.10002
0.10002
0.10002
0.100019
0.100019
0.100019
0.100019
0.100019
0.100019
0.100019
0.100019
0.100019
0.100019
0.100019
0.100019
0.100019
0.100019
0.100019
0.100019
0.100019
0.100019
0.100019
0.100019
0.100019
0.100019
0.100019
0.100019
0.100019
0.100019
0.100019
0.100019
0.100019
0.100019
0.100019
0.100019
0.100018
0.100018
0.100018
0.100018
0.100018
0.100018
0.100018
0.100018
0.100018
0.100018
0.100018
0.100018
0.100018
0.100018
0.100018
0.100018
0.100018
0.100018
0.100018
0.100018
0.100018
0.100018
0.100018
0.100018
0.100018
0.100018
0.100018
0.100018
0.100018
0.100018
0.100018
0.100018
0.100017
0.100017
0.100017
0.100017
0.100017
0.100017
0.100017
0.100017
0.100017
0.100017


