1.99581
1.99343
1.99332
1.99098
1.98771
1.98211
1.98135
1.97708
1.97651
1.97314
1.96817
1.96749
1.96643
1.96599
1.96467
1.96226
1.96148
1.95831
1.95794
1.95438
1.9477
1.93999
1.93885
1.93146
1.92884
1.92494
1.92182
1.92111
1.92038
1.91606
1.91355
1.91354
1.9051
1.90372
1.90009
1.88759
1.88715
1.88484
1.88286
1.87639
1.87321
1.87084
1.87005
1.867
1.86673
1.86523
1.86476
1.86322
1.85995
1.85475
1.85326
1.85156
1.84917
1.84752
1.84671
1.83811
1.83417
1.83389
1.83321
1.8274
1.82003
1.81927
1.81743
1.8163
1.81221
1.80733
1.80568
1.804
1.80311
1.79787
1.79463
1.78995
1.78739
1.78538
1.78383
1.77868
1.77768
1.77601
1.77077
1.76913
1.76879
1.76713
1.76373
1.76224
1.7549
1.75135
1.74894
1.74864
1.74618
1.7437
1.74207
1.73967
1.73819
1.73462
1.73281
1.72777
1.72754
1.72672
1.7239
1.72354
1.72335
1.72318
1.72034
1.71912
1.71418
1.71243
1.70585
1.70543
1.7039
1.69891
1.69561
1.68431
1.68303
1.67964
1.67473
1.6736
1.67062
1.66932
1.66709
1.6654
1.66077
1.66038
1.65656
1.65523
1.65107
1.64976
1.64842
1.64642
1.64562
1.64371
1.64208
1.63635
1.63444
1.63279
1.63033
1.62941
1.62823
1.62737
1.6267
1.62163
1.61586
1.61508
1.61307
1.6104
1.60603
1.60511
1.6034
1.60312
1.602
1.6016
1.60053
1.59909
1.59905
1.59879
1.59869
1.59858
1.59789
1.59656
1.59192
1.59035
1.58756
1.58568
1.58553
1.58513
1.58512
1.57913
1.57791
1.57403
1.57177
1.57056
1.57001
1.56904
1.56708
1.56468
1.56143
1.56116
1.56088
1.56036
1.55895
1.55793
1.55624
1.5533
1.54804
1.54799
1.54664
1.5443
1.54355
1.54255
1.54194
1.54084
1.53612
1.5346
1.53226
1.5294
1.5212
1.51879
1.51721
1.51619
1.51559
1.51371
1.51316
1.51221
1.5122
1.51003
1.50989
1.50824
1.50766
1.50461
1.50453
1.50399
1.50261
1.50083
1.49928
1.49469
1.49449
1.49281
1.48996
1.48986
1.48973
1.48692
1.48622
1.48362
1.48267
1.48114
1.47913
1.4786
1.475
1.47074
1.46704
1.46594
1.46238
1.45855
1.45695
1.45596
1.45415
1.45348
1.45298
1.45288
1.4524
1.44943
1.44813
1.44679
1.44397
1.44389
1.44308
1.43545
1.43103
1.431
1.43069
1.43027
1.42977
1.42775
1.42771
1.42583
1.41922
1.41794
1.41686
1.41471
1.41345
1.41305
1.41225
1.41125
1.41087
1.41011
1.40922
1.4037
1.40182
1.39954
1.39829
1.39707
1.39705
1.39595
1.39163
1.39099
1.38986
1.3898
1.38044
1.37407
1.37297
1.37169
1.36887
1.36849
1.36821
1.36565
1.36024
1.35903
1.35883
1.35676
1.35521
1.35421
1.35404
1.35167
1.35111
1.34964
1.34392
1.3433
1.34271
1.34252
1.34165
1.33796
1.33773
1.33603
1.33562
1.33342
1.3324
1.32492
1.32378
1.32225
1.32032
1.3184
1.31794
1.31733
1.31623
1.31461
1.31421
1.31413
1.31398
1.31228
1.31202
1.31147
1.3104
1.31034
1.31014
1.30995
1.30989
1.30919
1.30722
1.30544
1.30448
1.3016
1.29899
1.29824
1.29762
1.29721
1.2962
1.29385
1.29361
1.29315
1.29284
1.29221
1.28921
1.28526
1.28468
1.28188
1.28037
1.28019
1.28003
1.27891
1.27872
1.27759
1.27568
1.27536
1.27452
1.27409
1.26868
1.26329
1.26037
1.25947
1.25502
1.25415
1.25326
1.25182
1.2514
1.24901
1.24868
1.24796
1.24699
1.2466
1.24613
1.2456
1.24458
1.24204
1.24199
1.2417
1.24143
1.23875
1.23813
1.23773
1.23628
1.23556
1.23415
1.2334
1.23204
1.2316
1.23072
1.2275
1.22583
1.22435
1.22395
1.22163
1.21955
1.21926
1.21918
1.21727
1.21724
1.21523
1.21212
1.21107
1.20984
1.20813
1.20799
1.20557
1.20246
1.20231
1.20131
1.2011
1.19836
1.1978
1.19712
1.19675
1.19611
1.19547
1.19532
1.1953
1.19439
1.19372
1.19045
1.18998
1.187
1.18683
1.18618
1.18607
1.18512
1.18463
1.18344
1.18308
1.18212
1.17904
1.1783
1.1783
1.17605
1.17468
1.173
1.17254
1.17157
1.17051
1.17017
1.1687
1.16484
1.16386
1.16226
1.16172
1.16167
1.16007
1.1597
1.15966
1.15959
1.15931
1.15264
1.15099
1.14697
1.14395
1.14136
1.14095
1.14078
1.13875
1.13602
1.13552
1.13501
1.13469
1.13449
1.13284
1.13272
1.13205
1.132
1.13187
1.13185
1.13105
1.13009
1.12971
1.12719
1.12608
1.12568
1.12483
1.12357
1.12353
1.12323
1.12316
1.12306
1.12254
1.12164
1.12019
1.11977
1.11807
1.11743
1.11625
1.11612
1.11488
1.11434
1.11402
1.11286
1.11272
1.11234
1.11088
1.11038
1.11029
1.10918
1.10878
1.10843
1.10742
1.10695
1.10516
1.10416
1.10236
1.10142
1.10071
1.09939
1.09911
1.0986
1.09597
1.09578
1.09567
1.09546
1.09476
1.09459
1.09402
1.09288
1.09279
1.09271
1.09244
1.09124
1.09066
1.0903
1.08986
1.08965
1.08869
1.08838
1.08825
1.087
1.08561
1.08529
1.08498
1.08468
1.08258
1.08256
1.08167
1.08105
1.07997
1.07919
1.07846
1.07843
1.07822
1.07495
1.07471
1.07381
1.07144
1.0708
1.07071
1.07044
1.0699
1.06989
1.06967
1.06964
1.0702
1.0702
1.06981
1.0689
1.06845
1.06842
1.06817
1.06804
1.06645
1.06642
1.06493
1.06464
1.06451
1.06414
1.06359
1.06359
1.06287
1.06205
1.0618
1.06139
1.0612
1.06047
1.06031
1.05997
1.05967
1.05946
1.05663
1.05564
1.05411
1.05332
1.05331
1.05327
1.05318
1.05312
1.05306
1.053
1.05164
1.05144
1.05125
1.04938
1.04925
1.04733
1.04708
1.0463
1.04569
1.04541
1.04527
1.04518
1.04516
1.04471
1.04353
1.04245
1.04217
1.04171
1.04097
1.04065
1.03933
1.03915
1.03914
1.03898
1.03832
1.03775
1.03653
1.03591
1.03396
1.03373
1.03372
1.03357
1.03298
1.03228
1.03226
1.03171
1.03157
1.03153
1.03139
1.03122
1.03033
1.02944
1.02937
1.02646
1.02608
1.0255
1.0242
1.02385
1.02342
1.02256
1.02214
1.02039
1.01952
1.01947
1.01943
1.01839
1.01826
1.01736
1.01661
1.0166
1.01638
1.01538
1.01514
1.01476
1.01364
1.01345
1.01321
1.01191
1.01148
1.01146
1.01128
1.01125
1.01094
1.01057
1.01039
1.01027
1.01024
1.01005
1.00991
1.00948
1.00838
1.00707
1.00643
1.00607
1.0058
1.00527
1.00447
1.0043
1.00402
1.0035
1.00326
1.00279
1.00236
1.0022
1.00208
1.00113
1.00074
0.999839
0.999132
0.998882
0.998337
0.998203
0.998123
0.997867
0.997505
0.99747
0.996989
0.995982
0.995669
0.99518
0.995136
0.994448
0.994267
0.994072
0.99387
0.993835
0.993798
0.993475
0.992841
0.992841
0.992581
0.991934
0.991702
0.991492
0.991429
0.99075
0.990414
0.990266
0.990016
0.990006
0.989976
0.989491
0.989327
0.989202
0.988836
0.98838
0.987717
0.987425
0.987296
0.986635
0.986526
0.986382
0.986213
0.985603
0.984437
0.984392
0.98431
0.984259
0.984132
0.983131
0.982906
0.98287
0.982687
0.980684
0.979868
0.979638
0.978982
0.978467
0.977836
0.97696
0.976854
0.976795
0.976008
0.975921
0.975797
0.975159
0.974899
0.974117
0.97052
0.96973
0.969566
0.969047
0.968869
0.968231
0.967778
0.96568
0.965541
0.964554
0.963292
0.962525
0.96187
0.961351
0.958739
0.958345
0.957868
0.957664
0.957518
0.956038
0.955081
0.955042
0.954259
0.95357
0.953511
0.953068
0.952796
0.952481
0.952145
0.952112
0.950909
0.947727
0.947583
0.947256
0.947155
0.946097
0.944688
0.943502
0.94321
0.942767
0.941993
0.941805
0.941264
0.941199
0.94058
0.939932
0.938608
0.938357
0.93757
0.936364
0.936182
0.935855
0.935839
0.93431
0.933368
0.93272
0.932446
0.930945
0.93093
0.93091
0.930617
0.929557
0.928978
0.928426
0.928087
0.927902
0.927313
0.925154
0.924196
0.924092
0.92378
0.923164
0.922609
0.92174
0.921644
0.921481
0.921108
0.919582
0.919448
0.91864
0.917836
0.914737
0.91424
0.914156
0.913658
0.913626
0.913165
0.912853
0.911434
0.911303
0.910718
0.910648
0.90977
0.909029
0.909008
0.908676
0.907419
0.906888
0.906799
0.906719
0.906541
0.906382
0.906317
0.90582
0.904635
0.904579
0.903562
0.903316
0.902134
0.900984
0.899207
0.899079
0.898667
0.898308
0.898249
0.896173
0.896167
0.89525
0.894661
0.894466
0.894291
0.891975
0.891485
0.890624
0.89014
0.890093
0.88974
0.889729
0.888164
0.888114
0.887256
0.885057
0.884521
0.88371
0.883564
0.881485
0.880879
0.880879
0.880639
0.879946
0.879307
0.879015
0.877928
0.877837
0.876911
0.876608
0.875161
0.874661
0.874467
0.874052
0.873756
0.873267
0.873223
0.872627
0.872583
0.872348
0.872054
0.871662
0.871121
0.870983
0.870768
0.87029
0.870243
0.869175
0.86897
0.868867
0.867156
0.8669
0.865333
0.864821
0.864343
0.862256
0.862201
0.860487
0.858037
0.857572
0.857462
0.857157
0.856933
0.854495
0.852995
0.852933
0.852823
0.851667
0.851357
0.851042
0.85092
0.850645
0.84992
0.849607
0.849355
0.849015
0.84887
0.848678
0.848567
0.847063
0.845789
0.844445
0.843964
0.843718
0.842912
0.842636
0.842635
0.842106
0.842042
0.841905
0.84149
0.840597
0.839882
0.839305
0.839218
0.839196
0.838773
0.837945
0.837306
0.836976
0.836296
0.835776
0.83546
0.835273
0.835165
0.835095
0.834944
0.834771
0.834697
0.834061
0.833651
0.83303
0.832364
0.831949
0.831156
0.829682
0.828276
0.82721
0.826958
0.826884
0.826603
0.825933
0.825267
0.825037
0.824195
0.82311
0.821952

0.821652
0.821528
0.82149
0.820273
0.819969
0.819912
0.819753
0.81939
0.818654
0.818121
0.818033
0.817385
0.817358
0.817321
0.817056
0.81699
0.816961
0.816919
0.816239
0.816222
0.815063
0.814137
0.813244
0.811711
0.811043
0.81044
0.809797
0.809268
0.809141
0.808833
0.808713
0.808644
0.808287
0.808233
0.808085
0.808025
0.8073
0.806349
0.805994
0.805653
0.805288
0.803909
0.80359
0.802835
0.802761
0.80251
0.802248
0.802248
0.800641
0.800237
0.799044
0.797732
0.796613
0.795248
0.793374
0.793158
0.791821
0.791522
0.791382
0.791079
0.790145
0.789282
0.788323
0.787802
0.787553
0.78754
0.787154
0.786328
0.786158
0.784645
0.784162
0.783911
0.783636
0.783395
0.782972
0.7828
0.781691
0.779855
0.779381
0.779049
0.778961
0.778891
0.778717
0.778679
0.778064
0.778015
0.776442
0.774182
0.774116
0.773902
0.773356
0.773307
0.770312
0.77026
0.769224
0.768535
0.768073
0.767745
0.767217
0.767078
0.76662
0.766565
0.766564
0.76606
0.765597
0.765583
0.764265
0.762339
0.761595
0.761446
0.76128
0.760537
0.760425
0.760255
0.759813
0.759429
0.759415
0.759331
0.758361
0.757154
0.755085
0.755046
0.754688
0.754299
0.753668
0.753127
0.752448
0.752156
0.75213
0.751894
0.751146
0.749921
0.749625
0.748987
0.748055
0.747237
0.747018
0.746932
0.746461
0.745914
0.744419
0.744138
0.742793
0.742437
0.742117
0.741199
0.741014
0.740961
0.740148
0.739312
0.738914
0.7373
0.737097
0.735732
0.734365
0.733728
0.732882
0.732769
0.732158
0.731853
0.731847
0.731532
0.731381
0.731038
0.730733
0.73066
0.730629
0.730329
0.729792
0.729682
0.729381
0.729348
0.729094
0.728825
0.72837
0.725805
0.724244
0.722424
0.720918
0.72081
0.720097
0.719161
0.718861
0.718833
0.718218
0.717522
0.717036
0.71692
0.716817
0.71661
0.716206
0.715943
0.715629
0.715288
0.714041
0.713975
0.71346
0.71346
0.713286
0.712613
0.712177
0.710503
0.710493
0.709957
0.709838
0.707849
0.706925
0.706404
0.706349
0.705797
0.704893
0.704764
0.704088
0.702118
0.701947
0.701273
0.700769
0.700648
0.700297
0.699794
0.697742
0.697413
0.697221
0.696843
0.696031
0.696003
0.695089
0.694912
0.694209
0.693721
0.691935
0.691536
0.690343
0.689917
0.689448
0.688913
0.688702
0.687034
0.686551
0.686116
0.685552
0.684701
0.68379
0.683532
0.68311
0.682747
0.682696
0.681881
0.679575
0.679533
0.679362
0.679285
0.679068
0.678058
0.677683
0.677452
0.67734
0.676509
0.676181
0.675587
0.675384
0.674757
0.673949
0.673476
0.672548
0.672443
0.67243
0.671354
0.670767
0.670374
0.670347
0.669641
0.669279
0.668834
0.668332
0.668301
0.668159
0.665727
0.665228
0.664129
0.663581
0.662752
0.662621
0.661853
0.660794
0.66051
0.659114
0.658942
0.657182
0.656806
0.656509
0.656423
0.65614
0.655581
0.655525
0.655353
0.655349
0.655318
0.654763
0.654597
0.654138
0.653866
0.651877
0.650267
0.649841
0.649725
0.649349
0.648289
0.64801
0.647664
0.647025
0.646943
0.645983
0.645071
0.6449
0.644825
0.644255
0.644178
0.644178
0.643473
0.643421
0.642412
0.642055
0.641087
0.640566
0.639419
0.639181
0.63878
0.638473
0.636353
0.636301
0.63582
0.634914
0.633042
0.631376
0.630628
0.629971
0.629857
0.629783
0.629124
0.628583
0.628045
0.627358
0.627186
0.627147
0.626128
0.625015
0.623499
0.62192
0.621872
0.621065
0.620642
0.620601
0.620541
0.620313
0.620148
0.619908
0.619757
0.617127
0.617031
0.616925
0.616352
0.61625
0.615365
0.615241
0.614824
0.613189
0.613087
0.612506
0.61247
0.612253
0.611293
0.610269
0.610118
0.609966
0.609687
0.60833
0.607598
0.606763
0.606648
0.606575
0.606096
0.605062
0.603405
0.602906
0.602787
0.602758
0.602689
0.602621
0.601457
0.601026
0.600631
0.599836
0.599761
0.599592
0.599458
0.598241
0.597993
0.597388
0.597289
0.596169
0.595863
0.593609
0.593541
0.593474
0.593324
0.593158
0.592402
0.592183
0.592092
0.59157
0.590374
0.590338
0.5892
0.588446
0.587931
0.586935
0.586552
0.586306
0.585961
0.585819
0.584807
0.584686
0.58412
0.583428
0.582237
0.580825
0.580625
0.580551
0.580313
0.580054
0.579487
0.579157
0.578883
0.578853
0.578446
0.577908
0.577906
0.576283
0.576085
0.575657
0.575549
0.575416
0.574995
0.574931
0.574341
0.574341
0.574231
0.573862
0.572605
0.572408
0.572352
0.572294
0.571813
0.571811
0.571415
0.570715
0.569834
0.568903
0.568629
0.567581
0.566962
0.566808
0.565695
0.565592
0.565526
0.565329
0.564153
0.563895
0.562854
0.562445
0.562308
0.561925
0.561574
0.560642
0.560622
0.560533
0.560494
0.559202
0.558229
0.558011
0.556656
0.555417
0.555208
0.555207
0.554613
0.554613
0.554127
0.553527
0.551182
0.550153
0.548523
0.545907
0.545692
0.545372
0.545054
0.544625
0.543826
0.542577
0.542304
0.541889
0.541276
0.5412
0.539953
0.539395
0.53812
0.536892
0.535309
0.535306
0.534971
0.534216
0.532024
0.531481
0.530677
0.529275
0.528447
0.527484
0.525655
0.525488
0.524709
0.523467
0.523123
0.522975
0.522663
0.522649
0.522544
0.521795
0.521662
0.521492
0.519701
0.519158
0.518956
0.518775
0.518367
0.518283
0.51815
0.517284
0.516772
0.516754
0.516149
0.515382
0.515276
0.51503
0.515015
0.514834
0.514832
0.514356
0.513737
0.513695
0.513308
0.513216
0.513159
0.511643
0.510217
0.509365
0.509211
0.508215
0.508075
0.507373
0.50699
0.50662
0.50547
0.505202
0.505001
0.504612
0.503799
0.502767
0.50234
0.50212
0.501953
0.501913
0.501126
0.499879
0.499116
0.498795
0.498101
0.498099
0.497896
0.496734
0.496109
0.495543
0.495372
0.495253
0.494597
0.494026
0.493703
0.493685
0.493128
0.492601
0.492331
0.492262
0.491846
0.491585
0.490968
0.490838
0.490756
0.490608
0.487613
0.487185
0.486553
0.486533
0.48606
0.485426
0.485187
0.485101
0.484123
0.483821
0.483583
0.483438
0.482889
0.482422
0.482418
0.482357
0.481904
0.481673
0.481642
0.480873
0.480663
0.479854
0.479761
0.479627
0.479331
0.478115
0.47771
0.477444
0.477094
0.476864
0.476749
0.475825
0.475809
0.475808
0.475793
0.475683
0.475335
0.475271
0.474855
0.474783
0.474616
0.473837
0.473744
0.473613
0.471079
0.471077
0.470701
0.469605
0.468666
0.468441
0.468383
0.468382
0.467196
0.467157
0.466615
0.465717
0.464565
0.461948
0.461663
0.461402
0.461043
0.460528
0.460479
0.460358
0.459191
0.458734
0.457724
0.457643
0.456531
0.455708
0.45533
0.45516
0.45515
0.454893
0.453866
0.453083
0.453008
0.452795
0.45268
0.452238
0.452005
0.451966
0.451959
0.451275
0.450525
0.449491
0.448016
0.447831
0.447485
0.447452
0.447123
0.446822
0.446676
0.446121
0.444454
0.444163
0.443928
0.442552
0.441749
0.441282
0.440622
0.439444
0.439287
0.438766
0.438467
0.43788
0.437693
0.437544
0.437462
0.437044
0.43702
0.436585
0.436544
0.43635
0.436179
0.436144
0.436017
0.435555
0.434817
0.434253
0.434019
0.433318
0.433239
0.432631
0.432506
0.43202
0.431917
0.431288
0.431069
0.430889
0.430859
0.430583
0.430389
0.430111
0.429931
0.4299
0.429557
0.429357
0.428962
0.428944
0.428359
0.427942
0.427933
0.427521
0.426817
0.426169
0.424097
0.423444
0.422878
0.422846
0.42247
0.422293
0.422287
0.422284
0.420775
0.420145
0.419554
0.419417
0.419295
0.418556
0.418428
0.418308
0.41808
0.416945
0.416856
0.416822
0.416806
0.416699
0.416419
0.416357
0.416235
0.41593
0.415905
0.414107
0.414105
0.41404
0.413731
0.413353
0.413326
0.41324
0.412657
0.412116
0.411641
0.410927
0.410457
0.410356
0.409494
0.408976
0.408894
0.408561
0.408347
0.407869
0.406641
0.406048
0.40579
0.405617
0.405604
0.405436
0.405185
0.40507
0.404915
0.404759
0.404596
0.402274
0.402223
0.401538
0.400477
0.400249
0.400021
0.398834
0.398333
0.398287
0.397969
0.39768
0.397378
0.397306
0.396888
0.396739
0.396641
0.396071
0.39576
0.395244
0.394797
0.394687
0.394613
0.393388
0.393082
0.392741
0.392612
0.392553
0.392479
0.391729
0.390917
0.390798
0.390534
0.390148
0.390148
0.390065
0.389407
0.389407
0.389361
0.388798
0.388644
0.388555
0.388218
0.388093
0.387736
0.387594
0.387384
0.387072
0.386283
0.385991
0.385775
0.384737
0.384703
0.38422
0.384131
0.383607
0.381979
0.381979
0.381441
0.3814
0.38092
0.380509
0.380193
0.38013
0.379606
0.378741
0.378619
0.378584
0.378507
0.378219
0.377999
0.376869
0.376869
0.376857
0.376129
0.376068
0.374807
0.374512
0.374005
0.373903
0.37384
0.373098
0.371537
0.371503
0.371323
0.371155
0.370952
0.370057
0.3692
0.368832
0.368822
0.368535
0.368504
0.368017
0.367878
0.367861
0.367715
0.3677
0.367665
0.367581
0.367429
0.366777
0.36649
0.366197
0.366068
0.365594
0.3652
0.364968
0.364738
0.364156
0.363981
0.363893
0.362816
0.362692
0.362518
0.362141
0.361963
0.361756
0.361703
0.361152
0.36010

0.36005
0.359666
0.359211
0.35878
0.357076
0.35675
0.356093
0.356089
0.355913
0.355141
0.35495
0.354522
0.354443
0.354134
0.354042
0.353392
0.353346
0.353
0.352984
0.352294
0.352225
0.352115
0.351394
0.350871
0.350667
0.350083
0.349813
0.349469
0.349227
0.348842
0.348502
0.347862
0.347556
0.347524
0.347294
0.34714
0.347013
0.346711
0.346393
0.346199
0.345821
0.345182
0.344867
0.34471
0.344176
0.344061
0.34395
0.343428
0.342188
0.342031
0.341438
0.341415
0.341174
0.340804
0.340094
0.338799
0.338631
0.338068
0.337978
0.337779
0.33699
0.336298
0.336298
0.33629
0.335943
0.335414
0.335299
0.335176
0.335037
0.334953
0.334543
0.334342
0.333689
0.333658
0.333408
0.333098
0.332826
0.332597
0.332477
0.332353
0.331894
0.331334
0.330949
0.330298
0.330268
0.330212
0.32971
0.328719
0.328061
0.327589
0.327505
0.32749
0.327429
0.327023
0.326492
0.326164
0.326745
0.326489
0.326446
0.326049
0.325595
0.325595
0.32532
0.324815
0.324723
0.324715
0.324518
0.324113
0.324048
0.32391
0.323524
0.323501
0.323492
0.323368
0.322572
0.321932
0.321668
0.321393
0.32125
0.320829
0.320361
0.320071
0.319835
0.319798
0.319733
0.319702
0.319663
0.318542
0.318422
0.318339
0.318325
0.318286
0.317986
0.317561
0.316806
0.316498
0.316399
0.31538
0.315334
0.315034
0.314844
0.314836
0.314606
0.314535
0.31437
0.314159
0.314149
0.314007
0.313634
0.313556
0.313399
0.31335
0.31273
0.31267
0.312554
0.311689
0.311526
0.311229
0.311137
0.311126
0.310732
0.309953
0.309934
0.309515
0.3092
0.308564
0.308065
0.307905
0.307862
0.307775
0.306909
0.306762
0.305413
0.305394
0.305239
0.305145
0.304987
0.304939
0.304859
0.30447
0.303905
0.303249
0.303238
0.303177
0.303084
0.302822
0.302792
0.302772
0.302397
0.301602
0.30061
0.300552
0.3004
0.30033
0.300315
0.300146
0.299932
0.299229
0.299016
0.298804
0.298281
0.298021
0.297552
0.296355
0.295774
0.295635
0.294779
0.294619
0.29448
0.294405
0.294292
0.293889
0.293872
0.293494
0.293437
0.293347
0.293049
0.292456
0.292218
0.291745
0.291244
0.290116
0.290114
0.289722
0.289413
0.28892
0.288881
0.288861
0.288135
0.288133
0.287869
0.287679
0.287396
0.287014
0.286165
0.286084
0.28597
0.285732
0.285646
0.285574
0.28552
0.285262
0.285243
0.285078
0.283711
0.283597
0.283338
0.283129
0.283063
0.282753
0.282655
0.282649
0.282639
0.282571
0.282337
0.28232
0.282254
0.281359
0.281101
0.280382
0.280313
0.279987
0.279973
0.279957
0.278602
0.278543
0.278499
0.27835
0.278343
0.278326
0.278192
0.278144
0.277687
0.277653
0.277434
0.277406
0.277403
0.277176
0.276782
0.27663
0.276278
0.28405
0.283654
0.283447
0.283275
0.28304
0.282933
0.28279
0.28194
0.281479
0.280812
0.280667
0.280603
0.279707
0.27858
0.278523
0.278448
0.278082
0.27789
0.277845
0.277309
0.277251
0.276957
0.276934
0.276757
0.276708
0.276689
0.276356
0.276276
0.276276
0.276093
0.275763
0.275502
0.275461
0.275127
0.274907
0.274907
0.274478
0.274377
0.274159
0.274069
0.273862
0.27358
0.273345
0.273343
0.273306
0.273253
0.272101
0.272002
0.271472
0.271362
0.271137
0.270997
0.270348
0.270204
0.270032
0.269605
0.268795
0.268267
0.267775
0.267542
0.267514
0.266909
0.266385
0.266278
0.265975
0.265888
0.265641
0.264365
0.264142
0.264051
0.263711
0.26316
0.262074
0.261993
0.261696
0.261681
0.261544
0.261309
0.261307
0.261184
0.260822
0.260426
0.260123
0.259253
0.259226
0.258932
0.258616
0.258541
0.258299
0.258079
0.257949
0.257587
0.256841
0.256177
0.256107
0.256011
0.255532
0.255504
0.255278
0.255065
0.25499
0.254158
0.254086
0.25384
0.253791
0.253554
0.253031
0.252794
0.252626
0.252576
0.252576
0.252539
0.252413
0.252221
0.252155
0.252001
0.251265
0.250841
0.250743
0.250078
0.249887
0.249878
0.24974
0.249535
0.249205
0.248896
0.248815
0.248662
0.248127
0.248034
0.247975
0.247944
0.247715
0.247392
0.247353
0.247322
0.247103
0.247002
0.246845
0.246721
0.246125
0.245351
0.245241
0.307729
0.307696
0.307199
0.307145
0.306422
0.306243
0.306136
0.306011
0.306002
0.305904
0.305889
0.305378
0.305168
0.304679
0.304502
0.304353
0.304269
0.304269
0.304085
0.303845
0.303486
0.303375
0.302476
0.302135
0.302093
0.301915
0.301403
0.3001
0.30003
0.299544
0.299464
0.299257
0.299229
0.298832
0.298729
0.298229
0.298009
0.297943
0.297605
0.29758
0.297447
0.297166
0.296769
0.296514
0.296235
0.29601
0.29592
0.295755
0.295744
0.294992
0.294797
0.294678
0.294663
0.29407
0.294035
0.293642
0.293581
0.293106
0.293077
0.293028
0.292935
0.292928
0.292709
0.292686
0.292678
0.292671
0.292462
0.292462
0.292318
0.292033
0.291715
0.291249
0.290926
0.29087
0.290868
0.29053
0.29053
0.290342
0.290238
0.290079
0.289805
0.289724
0.289279
0.289073
0.288861
0.288589
0.288566
0.28845
0.288315
0.288289
0.287974
0.287729
0.287412
0.287295
0.287291
0.28682
0.286622
0.286232
0.285721
0.285659
0.285591
0.285525
0.285147
0.285101
0.283529
0.283456
0.282979
0.282572
0.282482
0.282344
0.282319
0.281816
0.28181
0.281746
0.281122
0.280865
0.28049
0.280313
0.280103
0.280099
0.279794
0.279581
0.279187
0.27918
0.278877
0.278621
0.278382
0.278094
0.276988
0.276963
0.276945
0.276883
0.276675
0.276589
0.27646
0.27544
0.275375
0.275368
0.275351
0.275277
0.275154
0.275032
0.274622
0.274414
0.274413
0.274396
0.274267
0.274103
0.273713
0.273286
0.272841
0.272833
0.272697
0.272501
0.272478
0.271628
0.27159
0.271449
0.271142
0.270782
0.270657
0.270651
0.270544
0.270471
0.270178
0.270061
0.269425
0.269101
0.268922
0.26878
0.267906
0.267751
0.267721
0.267599
0.267249
0.266859
0.266705
0.266441
0.266131
0.266027
0.265705
0.265338
0.264774
0.264546
0.264308
0.264182
0.263733
0.263714
0.263512
0.263488
0.263179
0.26278
0.262763
0.262377
0.262362
0.261885
0.261767
0.261599
0.261479
0.26143
0.261295
0.261251
0.261004
0.260772
0.260436
0.260422
0.260222
0.26017
0.26014
0.259954
0.259604
0.259377
0.259084
0.258992
0.258712
0.258496
0.258427
0.258407
0.257422
0.257189
0.257156
0.257082
0.257064
0.257063
0.256598
0.256519
0.256419
0.256185
0.256176
0.25603
0.25588
0.255557
0.255548
0.255393
0.25537
0.255347
0.25534
0.255137
0.255018
0.254736
0.254679
0.254673
0.254553
0.254543
0.25452
0.254502
0.254257
0.253001
0.252939
0.252868
0.252355
0.252161
0.251988
0.251962
0.251754
0.251352
0.251191
0.251121
0.251002
0.250593
0.250467
0.250418
0.250239
0.25023
0.250182
0.250148
0.250039
0.249965
0.24968
0.249629
0.249563
0.249025
0.248919
0.248901
0.248741
0.248712
0.248688
0.248629
0.248433
0.248418
0.24821
0.247156
0.246804
0.246492
0.246184
0.246065
0.246051
0.246042
0.245254
0.245058
0.244831
0.244378
0.243959
0.243803
0.243426
0.243239
0.243229
0.243083
0.242894
0.242562
0.242541
0.24198
0.241488
0.241222
0.241165
0.241157
0.241009
0.240938
0.240635
0.240581
0.239839
0.239495
0.239434
0.239393
0.239258
0.239211
0.239046
0.238881
0.238864
0.238772
0.238612
0.238483
0.238381
0.23832
0.23829
0.237679
0.237672
0.237644
0.23758
0.237503
0.237421
0.236929
0.236111
0.235901
0.235792
0.235576
0.235225
0.234707
0.234591
0.234427
0.234202
0.234184
0.234099
0.234017
0.233358
0.233357
0.233062
0.232951
0.232914
0.232762
0.232716
0.232657
0.232646
0.232314
0.232089
0.231914
0.231575
0.231563
0.231314
0.231052
0.231022
0.231004
0.23096
0.230839
0.23072
0.230669
0.230636
0.230607
0.230263
0.230263
0.23013
0.230048
0.229893
0.229516
0.229177
0.229114
0.229006
0.228749
0.228723
0.22855
0.228248
0.227853
0.227852
0.22765
0.227583
0.227041
0.226803
0.226552
0.226358
0.226198
0.226127
0.226086
0.225911
0.225676
0.225481
0.225364
0.225238
0.225148
0.225143
0.225089
0.224949
0.224743
0.224449
0.224188
0.224188
0.224089
0.224063
0.223525
0.2235
0.223325
0.223105
0.223104
0.222906
0.222467
0.222258
0.222032
0.221406
0.221401
0.221115
0.221012
0.220318
0.219714
0.219609
0.21948
0.218974
0.218864
0.218805
0.2188
0.218698
0.218386
0.218375
0.218358
0.218335
0.218266
0.218246
0.218189
0.218135
0.218047
0.217746
0.217576
0.217074
0.216907
0.216587
0.216587
0.215966
0.215808
0.215766
0.215601
0.215539
0.215247
0.215214
0.215204
0.215127
0.215109
0.21499
0.214739
0.214454
0.213966
0.213572
0.213402
0.213051
0.21292
0.212457
0.212216
0.211952
0.211906
0.211425
0.211104
0.211021
0.210863
0.210655
0.210505
0.210497
0.210406
0.210213
0.210037
0.210005
0.209693
0.20948
0.209282
0.209188
0.208928
0.208857
0.208787
0.208786
0.208546
0.208509
0.207911
0.207911
0.207823
0.207687
0.20764
0.207596
0.207453
0.207394
0.207145
0.20692
0.2068
0.206676
0.206661
0.206584
0.206488
0.206194
0.206105
0.20606
0.205885
0.205722
0.205696
0.205536
0.205394
0.205362
0.205168
0.205042
0.204661
0.204554
0.204215
0.203879
0.203753
0.203617
0.203555
0.203491
0.203374
0.20314
0.203096
0.203055
0.202641
0.202621
0.202334
0.202334
0.20175
0.201666
0.201644
0.201538
0.201493
0.201224
0.201217
0.200884
0.20078
0.200757
0.200729
0.200429
0.200365
0.200259
0.199769
0.199715
0.199702
0.199359
0.199183
0.198916
0.198823
0.198768
0.198448
0.198267
0.19824
0.19813
0.198081
0.197857
0.197441
0.197216
0.197162
0.197089
0.197089
0.196742
0.196675
0.196641
0.196621
0.196353
0.19599
0.195768
0.195513
0.195489
0.195473
0.195435
0.195277
0.195269
0.195168
0.195154
0.195117
0.194945
0.194537
0.194375
0.19437
0.194337
0.194315
0.194235
0.194214
0.194143
0.194009
0.193983
0.193957
0.193813
0.193282
0.193272
0.193272
0.193201
0.192987
0.192924
0.192823
0.192639
0.192563
0.192494
0.192383
0.192201
0.192071
0.191947
0.19184
0.191686
0.19165
0.191508
0.191494
0.19149
0.191361
0.190957
0.190957
0.190926
0.190796
0.190213
0.19017
0.190014
0.189681
0.18964
0.189629
0.188893
0.18867
0.188572
0.188432
0.18826
0.188078
0.187728
0.187695
0.187601
0.187533
0.187413
0.187122
0.186783
0.18662
0.186309
0.1863
0.186245
0.186228
0.186162
0.186145
0.186137
0.185996
0.185994
0.185806
0.185696
0.185418
0.185356
0.185335
0.185229
0.184967
0.184954
0.202673
0.202542
0.202459
0.202435
0.202353
0.2023
0.202183
0.201978
0.201846
0.201843
0.201654
0.2014
0.201324
0.201322
0.201267
0.200896
0.200728
0.200436
0.200202
0.20008
0.19997
0.199959
0.199889
0.199809
0.199406
0.199046
0.19852
0.198404
0.198105
0.197869
0.197716
0.197583
0.19754
0.196929
0.196825
0.196752
0.196455
0.196446
0.196336
0.196274
0.196237
0.196232
0.196213
0.196172
0.195868
0.19584
0.195701
0.195595
0.195534
0.195097
0.195021
0.194842
0.194776
0.19471
0.194708
0.194655
0.1946
0.19452
0.194412
0.193686
0.19364
0.193459
0.193442
0.193393
0.193291
0.193176
0.192882
0.192871
0.19249
0.192266
0.192167
0.191815
0.191815
0.191618
0.191516
0.191496
0.191456
0.191259
0.191222
0.20101
0.200526
0.200301
0.200282
0.200112
0.199751
0.199687
0.199635
0.199614
0.19956
0.199413
0.199164
0.199092
0.199078
0.199036
0.198818
0.198465
0.19802
0.198006
0.197965
0.197875
0.19781
0.19781
0.197798
0.197744
0.197676
0.19757
0.197568
0.197422
0.197404
0.197395
0.197222
0.197092
0.197063
0.196948
0.196889
0.196841
0.196749
0.196669
0.196533
0.196169
0.195872
0.195799
0.19577
0.195589
0.195015
0.194816
0.19444
0.194152
0.194037
0.194036
0.193273
0.193273
0.193217
0.193092
0.193057
0.192931
0.192864
0.192834
0.192721
0.192628
0.192615
0.192559
0.19249
0.192482
0.192238
0.192211
0.19221
0.192117
0.191888
0.191688
0.191557
0.191309
0.191153
0.191087
0.191025
0.190973
0.190909
0.190607
0.190597
0.190563
0.190519
0.190382
0.190178
0.189739
0.189539
0.189178
0.189163
0.188967
0.188542
0.188446
0.188416
0.188361
0.188054
0.187997
0.187672
0.187672
0.18759
0.18757
0.187404
0.187139
0.186989
0.186948
0.186946
0.186892
0.186803
0.186673
0.18636
0.186324
0.18632
0.186296
0.186174
0.186121
0.186032
0.185779
0.185498
0.185341
0.185307
0.185069
0.185033
0.184804
0.184641
0.184593
0.184405
0.184351
0.184335
0.184228
0.184158
0.184022
0.183887
0.183884
0.183849
0.183822
0.183811
0.183811
0.183765
0.18368
0.183591
0.183564
0.183552
0.183277
0.183277
0.183252
0.183237
0.182923
0.182865
0.182653
0.18252
0.182449
0.182416
0.182138
0.182093
0.182062
0.182032
0.181799
0.181689
0.181682
0.181523
0.181471
0.181325
0.181294
0.181292
0.181122
0.180972
0.180805
0.180768
0.18069
0.18063
0.18046
0.18046
0.18043
0.180401
0.180377
0.180351
0.180327
0.180278
0.180268
0.180094
0.179989
0.17996
0.179889
0.179728
0.179523
0.179508
0.179508
0.179412
0.179381
0.179213
0.17909
0.179084
0.179028
0.179026
0.178774
0.178609
0.178429
0.178348
0.178321
0.1783
0.178253
0.177859
0.177788
0.177496
0.177404
0.177394
0.177271
0.17727
0.177253
0.177212
0.177202
0.177174
0.177104
0.177055
0.177002
0.176989
0.176945
0.176821
0.176581
0.176558
0.176459
0.176426
0.176364
0.176335
0.176274
0.176268
0.176203
0.176075
0.176069
0.175944
0.175921
0.175899
0.175866
0.175846
0.175803
0.175719
0.175715
0.175685
0.175569
0.175453
0.17545
0.175402
0.175381
0.175322
0.175255
0.175199
0.175167
0.175121
0.174999
0.174955
0.174955
0.174824
0.174691
0.174648
0.1746
0.174424
0.174306
0.174275
0.174268
0.174177
0.174145
0.174141
0.174061
0.173967
0.173815
0.173786
0.173664
0.173556
0.17345
0.173446
0.173331
0.173331
0.173303
0.173265
0.173097
0.173072
0.17301
0.172965
0.172944
0.172767
0.172588
0.172506
0.172447
0.172348
0.172296
0.172266
0.172038
0.171935
0.1718
0.171798
0.171778
0.171752
0.171698
0.171539
0.171532
0.171519
0.171448
0.171401
0.171012
0.17101
0.170987
0.170912
0.170912
0.170788
0.170742
0.170521
0.170465
0.170454
0.170398
0.17025
0.170226
0.170186
0.170035
0.170015
0.169984
0.169821
0.169817
0.16981
0.169657
0.169564
0.169495
0.169418
0.169349
0.169278
0.169223
0.169194
0.169134
0.169096
0.169083
0.16891
0.168779
0.168667
0.168659
0.168578
0.168573
0.168455
0.168431
0.168405
0.168382
0.168254
0.168223
0.168215
0.168214
0.168188
0.168154
0.167981
0.167943
0.167843
0.167796
0.167762
0.167538
0.167233
0.167177
0.167162
0.166972
0.166942
0.166886
0.166878
0.166863
0.166853
0.16685
0.166713
0.166562
0.166546
0.166543
0.166434
0.166329
0.166206
0.166105
0.16607
0.165921
0.165896
0.165831
0.165754
0.165673
0.165413
0.165406
0.165306
0.1652
0.165005
0.164943
0.164867
0.164853
0.164813
0.16474
0.164606
0.164588
0.164499
0.164429
0.164311
0.164302
0.164153
0.16413
0.164124
0.164095
0.164063
0.164039
0.163987
0.163968
0.163965
0.163715
0.163586
0.163584
0.16345
0.163267
0.163223
0.163162
0.163157
0.162841
0.162759
0.162703
0.162615
0.162491
0.162444
0.16236
0.16235
0.162303
0.16222
0.1622
0.161995
0.161986
0.161829
0.161666
0.161625
0.161606
0.161555
0.161473
0.161473
0.161473
0.161467
0.161424
0.161423
0.161352
0.16131
0.161253
0.161207
0.161108
0.161104
0.161093
0.161065
0.160997
0.160947
0.160934
0.160898
0.160857
0.160803
0.160788
0.160739
0.160689
0.160685
0.160519
0.160452
0.160365
0.160341
0.160219
0.160187
0.160119
0.1599
0.159699
0.159687
0.159678
0.15967
0.159586
0.159479
0.159463
0.159379
0.159367
0.159361
0.159293
0.15926
0.159168
0.15911
0.15908
0.158857
0.158823
0.15878
0.158771
0.15875
0.158725
0.158648
0.158518
0.158424
0.158332
0.158161
0.158149
0.158127
0.158069
0.157999
0.157953
0.157938
0.157798
0.157797
0.157728
0.157715
0.157501
0.157491
0.157284
0.157234
0.157153
0.157147
0.15714
0.157133
0.157083
0.157074
0.157069
0.157058
0.156967
0.156852
0.15685
0.156715
0.156599
0.156492
0.156394
0.156255
0.156205
0.156171
0.156103
0.155993
0.155961
0.155834
0.155784
0.155711
0.155711
0.155673
0.155528
0.155361
0.155302
0.155235
0.155164
0.155133
0.155074
0.155009
0.154995
0.154964
0.154954
0.15493
0.154891
0.154846
0.154731
0.154569
0.154543
0.154502
0.154406
0.154406
0.154317
0.154287
0.15426
0.154255
0.15423
0.15421
0.154181
0.154175
0.15413
0.15406
0.154057
0.154054
0.153977
0.153953
0.153922
0.153792
0.153717
0.153576
0.153462
0.153429
0.153403
0.153366
0.153347
0.153317
0.153217
0.153217
0.153172
0.153099
0.152879
0.152863
0.152831
0.152712
0.152656
0.152558
0.152382
0.152241
0.152221
0.1522
0.15214
0.15212
0.151959
0.151906
0.151885
0.151692
0.151641
0.15157
0.151362
0.151304
0.151218
0.151216
0.151198
0.151176
0.151171
0.151074
0.151037
0.15103
0.151028
0.150989
0.150826
0.150736
0.15073
0.150653
0.150644
0.150624
0.150597
0.150547
0.150504
0.150468
0.150433
0.150391
0.150376
0.150363
0.150329
0.150323
0.150139
0.150105
0.150084
0.150061
0.149944
0.149926
0.149862
0.149787
0.149678
0.149671
0.149647
0.149607
0.149544
0.149513
0.149503
0.149474
0.149427
0.149409
0.149409
0.149355
0.149303
0.149281
0.149278
0.149219
0.149076
0.148977
0.148962
0.148954
0.148935
0.148901
0.148888
0.148857
0.148853
0.148843
0.148832
0.148752
0.148638
0.148638
0.148637
0.148591
0.148479
0.148473
0.148472
0.148373
0.148307
0.148277
0.148261
0.148205
0.148054
0.148017
0.147992
0.147922
0.147849
0.147837
0.147789
0.14778
0.147606
0.147587
0.147581
0.147522
0.147494
0.14744
0.14743
0.147342
0.147261
0.147247
0.147214
0.147158
0.147142
0.147083
0.147049
0.147038

0.147004
0.14695
0.146907
0.146872
0.14685
0.14665
0.146608
0.146525
0.14644
0.146309
0.146276
0.146253
0.146107
0.146064
0.145866
0.145836
0.145812
0.145793
0.145784
0.145543
0.145414
0.145329
0.14532
0.145299
0.145135
0.145085
0.145059
0.145017
0.144929
0.144912
0.14488
0.144838
0.144821
0.144799
0.144772
0.144722
0.144674
0.144668
0.144604
0.144579
0.144447
0.144439
0.144188
0.14413
0.14403
0.14403
0.143976
0.143923
0.143882
0.143873
0.14384
0.143836
0.143773
0.143617
0.143578
0.143496
0.143402
0.143372
0.143329
0.143282
0.143262
0.14322
0.143208
0.143192
0.143188
0.143043
0.143033
0.143001
0.142973
0.142917
0.14291
0.142906
0.142852
0.142812
0.1428
0.142789
0.142766
0.142765
0.142742
0.142699
0.142662
0.142661
0.142659
0.142522
0.142432
0.142413
0.142404
0.142292
0.142137
0.142081
0.142068
0.141965
0.141923
0.141897
0.141862
0.141861
0.141853
0.141852
0.141849
0.141758
0.14166
0.141642
0.141613
0.141534
0.141496
0.141442
0.141316
0.141311
0.141257
0.141203
0.141191
0.14118
0.140988
0.140916
0.140798
0.140754
0.140745
0.140714
0.140611
0.140561
0.140549
0.140521
0.140454
0.140402
0.14031
0.140261
0.14025
0.140209
0.140202
0.1401
0.140063
0.139992
0.13997
0.139963
0.139958
0.139914
0.139905
0.139839
0.139815
0.139793
0.139788
0.139751
0.139748
0.139556
0.139554
0.139541
0.13954
0.139441
0.139402
0.139383
0.139349
0.139154
0.139025
0.138925
0.138921
0.138903
0.138864
0.138841
0.13884
0.138834
0.138821
0.138668
0.138661
0.138642
0.13858
0.138568
0.138554
0.138535
0.138498
0.138439
0.138399
0.138374
0.138309
0.138252
0.138209
0.13819
0.138126
0.138037
0.138027
0.138019
0.138003
0.137926
0.137901
0.137891
0.137855
0.13781
0.137808
0.137796
0.137784
0.137766
0.137724
0.137634
0.137582
0.137485
0.13729
0.137283
0.137136
0.137101
0.137068
0.13701
0.137004
0.136974
0.136959
0.136944
0.136907
0.136905
0.13686
0.136592
0.13659
0.136483
0.136435
0.136378
0.136372
0.136367
0.136341
0.136299
0.136298
0.136242
0.136181
0.136164
0.136142
0.136094
0.136022
0.13594
0.135926
0.135878
0.135873
0.135841
0.135782
0.135712
0.135684
0.135672
0.135638
0.1356
0.135515
0.135513
0.135439
0.135433
0.135386
0.135327
0.135327
0.135113
0.135032
0.134973
0.134914
0.134843
0.134841
0.134738
0.134648
0.134635
0.134628
0.134601
0.134596
0.134585
0.134502
0.134409
0.134249
0.134225
0.134082
0.134078
0.133997
0.133991
0.133958
0.13393
0.133846
0.133839
0.13381
0.133769
0.133767
0.133767
0.133752
0.133739
0.133715
0.133708
0.133677
0.133573
0.133523
0.133508
0.133494
0.133485
0.13348
0.13348
0.133462
0.133385
0.133359
0.133178
0.133147
0.133113
0.133
0.132972
0.132943
0.132858
0.132855
0.132843
0.132843
0.132843
0.132684
0.132546
0.132513
0.132475
0.132475
0.132469
0.132426
0.132403
0.132214
0.132186
0.13216
0.132131
0.13213
0.132128
0.132124
0.132123
0.132117
0.132104
0.132065
0.132062
0.13206
0.132007
0.131999
0.131929
0.131923
0.13192
0.131892
0.131792
0.131764
0.131714
0.131695
0.1316
0.131507
0.13149
0.131475
0.131415
0.131394
0.131379
0.131363
0.131337
0.131241
0.131229
0.131219
0.131126
0.13109
0.131013
0.130981
0.130928
0.130883
0.130771
0.13074
0.130719
0.130662
0.130624
0.130609
0.130605
0.130559
0.1305
0.130455
0.130444
0.130414
0.130412
0.130407
0.130351
0.13035
0.130258
0.130256
0.130137
0.130099
0.130046
0.130042
0.129987
0.129984
0.129873
0.12986
0.129762
0.129589
0.129578
0.129484
0.129482
0.129288
0.129282
0.129201
0.129176
0.129138
0.129125
0.129075
0.129023
0.128992
0.128934
0.12891
0.128787
0.128762
0.128752
0.128721
0.128706
0.128661
0.128623
0.128562
0.128535
0.128475
0.128282
0.128269
0.128267
0.12825
0.128166
0.128143
0.128123
0.128121
0.128095
0.128093
0.128073
0.12806
0.127985
0.127942
0.127922
0.127896
0.127892
0.127878
0.127868
0.127854
0.127828
0.12781
0.127803
0.127798
0.127796
0.127783
0.127717
0.127631
0.127631
0.127605
0.127563
0.127548
0.12748
0.127463
0.127456
0.127434
0.127427
0.127409
0.127358
0.127316
0.127301
0.127263
0.127246
0.127221
0.12717
0.127166
0.127153
0.127144
0.127135
0.127132
0.127105
0.127075
0.127007
0.127
0.126971
0.126937
0.126912
0.126881
0.12688
0.126865
0.126855
0.12682
0.126757
0.126749
0.126747
0.12669
0.126669
0.126662
0.126656
0.126585
0.126559
0.126542
0.126494
0.126371
0.126349
0.126281
0.126236
0.12618
0.126175
0.126098
0.126094
0.126064
0.126064
0.12596
0.125934
0.125878
0.125821
0.125802
0.125783
0.125759
0.125759
0.125664
0.125664
0.125625
0.125595
0.12553
0.125431
0.125426
0.125426
0.125329
0.125318
0.125312
0.125294
0.125284
0.125277
0.125262
0.12515
0.125147
0.125126
0.12511
0.125102
0.125071
0.125038
0.125014
0.12501
0.124995
0.124995
0.124898
0.124894
0.124878
0.124867
0.124866
0.124866
0.124814
0.124809
0.124766
0.124766
0.124758
0.124728
0.124696
0.124686
0.124639
0.12463
0.124609
0.124608
0.124585
0.124575
0.124534
0.124515
0.124512
0.124478
0.124432
0.124408
0.124392
0.124388
0.124386
0.124383
0.124367
0.124316
0.124255
0.124255
0.124248
0.124191
0.124056
0.124052
0.124052
0.124042
0.123974
0.123958
0.123952
0.123937
0.123915
0.123885
0.123874
0.123812
0.123806
0.123742
0.123641
0.123603
0.123535
0.123532
0.123512
0.123507
0.123457
0.12345
0.123433
0.123407
0.123394
0.12339
0.123349
0.123321
0.123321
0.12329
0.123284
0.123214
0.123201
0.123201
0.123194
0.123187
0.12318
0.123131
0.123118
0.123035
0.123013
0.122987
0.122973
0.122933
0.12291
0.122888
0.122831
0.122794
0.122775
0.122753
0.122727
0.122712
0.122687
0.122615
0.122614
0.122597
0.122581
0.12258
0.122576
0.122554
0.122483
0.122435
0.12242
0.122415
0.122392
0.122386
0.122362
0.122279
0.12225
0.122247
0.122198
0.122195
0.122162
0.12214
0.122112
0.12205
0.122047
0.122022
0.122015
0.121972
0.121968
0.121955
0.121917
0.12191
0.121883
0.121871
0.121847
0.121843
0.121842
0.121826
0.121825
0.121742
0.121742
0.121726
0.121716
0.12171
0.121703
0.121638
0.121632
0.121578
0.121573
0.121517
0.121516
0.121472
0.121447
0.121406
0.121373
0.121369
0.12136
0.121303
0.121233
0.121193
0.121118
0.121091
0.121063
0.121051
0.121047
0.121037
0.121002
0.120995
0.120975
0.120937
0.120908
0.120887
0.120883
0.120873
0.120867
0.120863
0.120847
0.120838
0.120768
0.120763
0.120729
0.120729
0.120711
0.120702
0.120669
0.120624
0.1206
0.120557
0.120497
0.120481
0.120368
0.120364
0.12032
0.120271
0.120258
0.120243
0.120215
0.120145
0.120128
0.120083
0.120043
0.120042
0.120016
0.120001
0.12
0.119998
0.119981
0.119968
0.119961
0.119947
0.119931
0.119859
0.119842
0.119841
0.11984
0.119797
0.119782
0.119762
0.11976
0.119741
0.119725
0.119721
0.119703
0.119693
0.119673
0.119641
0.119636
0.119634
0.119568
0.119564
0.119543
0.119515
0.119506
0.119497
0.11944
0.119437
0.119417
0.119407
0.119363
0.119346
0.119324
0.119299
0.11929
0.119252
0.119211
0.119211
0.119198
0.119188
0.119171
0.119136
0.119085
0.119085
0.119079
0.119056
0.119016
0.119015
0.118984
0.118973
0.118961
0.118959
0.118925
0.118915
0.118914
0.118886
0.118878
0.118825
0.118818
0.118776
0.118767
0.118746
0.118724
0.118722
0.118715
0.118712
0.118661
0.118625
0.118591
0.118567
0.118449
0.118419
0.118381
0.118342
0.118326
0.118306
0.118289
0.118189
0.118188
0.118187
0.118177
0.118139
0.118133
0.118108
0.11807
0.11798
0.117887
0.117879
0.117874
0.117846
0.11783
0.11783
0.117824
0.117811
0.117775
0.117769
0.117749
0.117734
0.117727
0.117689
0.117605
0.117594
0.117564
0.117523
0.117488
0.117462
0.117445
0.117431
0.117429
0.117419
0.117405
0.117396
0.11739
0.117366
0.117358
0.117298
0.117266
0.117191
0.117161
0.117164
0.117111
0.117087
0.117085
0.117085
0.117058
0.117035
0.116978
0.116935
0.116934
0.116914
0.116912
0.116908
0.116902
0.116877
0.116855
0.116854
0.116831
0.116814
0.116786
0.116779
0.116766
0.11676
0.116738
0.116725
0.116642
0.116638
0.116618
0.116577
0.116545
0.116545
0.116527
0.116503
0.116502
0.116492
0.116457
0.116454
0.116416
0.116334
0.11633
0.116292
0.116274
0.116267
0.116236
0.116233
0.116219
0.116208
0.116156
0.116131
0.116123
0.116038
0.115955
0.115948
0.115919
0.115824
0.115774
0.115696
0.115693
0.11568
0.115678
0.115673
0.115672
0.115655
0.115613
0.115595
0.115532
0.11553
0.115526
0.115508
0.115459
0.115458
0.115426
0.115422
0.115401
0.11539
0.115385
0.115364
0.11533
0.115327
0.115321
0.1153
0.115258
0.115255
0.115218
0.115197
0.115185
0.115153
0.115102
0.115089
0.115082
0.11508
0.115079
0.115068
0.11504

0.114964
0.114955
0.114951
0.11495
0.114945
0.114926
0.1149
0.114896
0.114885
0.114882
0.114881
0.114831
0.11483
0.114823
0.114774
0.114768
0.114743
0.114731
0.114639
0.114617
0.114615
0.114584
0.11456
0.114539
0.114483
0.114462
0.114447
0.114438
0.114392
0.114392
0.11439
0.114337
0.114324
0.114324
0.114281
0.114281
0.114272
0.114228
0.114225
0.114217
0.114215
0.114191
0.114169
0.114154
0.114153
0.114132
0.114101
0.114088
0.114065
0.114061
0.114053
0.11403
0.114025
0.113985
0.113982
0.113974
0.113973
0.115073
0.115044
0.115018
0.11499
0.114968
0.1149
0.114893
0.114863
0.114854
0.114852
0.114838
0.114803
0.114796
0.114794
0.114752
0.114748
0.114712
0.114711
0.114687
0.114685
0.11465
0.114576
0.11457
0.114557
0.114526
0.114519
0.11451
0.114509
0.1145
0.114489
0.114459
0.11445
0.114435
0.114382
0.114334
0.114322
0.114312
0.114268
0.11415
0.114141
0.114111
0.114081
0.114049
0.114034
0.114033
0.114026
0.114014
0.113983
0.113902
0.113892
0.113888
0.113863
0.113842
0.11384
0.11384
0.113808
0.113801
0.113796
0.113793
0.113784
0.113776
0.113774
0.113703
0.113688
0.113685
0.113655
0.113621
0.113589
0.113578
0.113576
0.113557
0.113543
0.113539
0.113513
0.113494
0.113489
0.113485
0.113453
0.113447
0.113438
0.113421
0.113419
0.113416
0.113407
0.113403
0.113392
0.113376
0.113364
0.113364
0.11335
0.113346
0.113311
0.113305
0.113298
0.113235
0.113228
0.113224
0.113157
0.11313
0.113118
0.113117
0.113103
0.113043
0.113042
0.113038
0.113032
0.113021
0.113004
0.113001
0.112945
0.112934
0.112931
0.112923
0.112905
0.112885
0.112881
0.112865
0.112857
0.112856
0.112824
0.112807
0.112792
0.112791
0.112726
0.112723
0.112721
0.112714
0.112708
0.112689
0.112661
0.112655
0.112611
0.112596
0.112589
0.112575
0.112565
0.112549
0.112523
0.112521
0.112518
0.11249
0.112484
0.112478
0.112477
0.112436
0.112423
0.112394
0.112376
0.112376
0.112369
0.112344
0.112336
0.1123
0.11229
0.112287
0.112275
0.112273
0.112232
0.112231
0.112209
0.112194
0.112186
0.112153
0.112151
0.112141
0.112124
0.112119
0.112105
0.112095
0.112092
0.112081
0.112078
0.112035
0.111977
0.111976
0.111971
0.111951
0.111928
0.111915
0.111915
0.111892
0.111887
0.111812
0.111804
0.111794
0.111784
0.111781
0.111762
0.111728
0.111722
0.111684
0.111682
0.111673
0.11167
0.111647
0.111647
0.111618
0.111617
0.111612
0.111612
0.11159
0.111576
0.111561
0.111542
0.111486
0.111457
0.111428
0.111427
0.111424
0.111388
0.111376
0.11137
0.111365
0.111338
0.111327
0.111301
0.111301
0.111293
0.111275
0.111266
0.111262
0.111244
0.111228
0.111217
0.111179
0.111177
0.111176
0.111164
0.111142
0.111133
0.111126
0.111125
0.111115
0.111089
0.111044
0.110997
0.110987
0.110958
0.110938
0.110908
0.110895
0.110893
0.110873
0.110859
0.110811
0.110809
0.110809
0.110767
0.11076
0.110759
0.110731
0.110684
0.110668
0.110652
0.110642
0.11063
0.110597
0.11059
0.110574
0.11055
0.110544
0.110538
0.110517
0.110511
0.110506
0.110501
0.110495
0.110473
0.110461
0.110454
0.11045
0.110433
0.110426
0.110413
0.110409
0.110409
0.110393
0.110383
0.110373
0.110356
0.110344
0.110342
0.110318
0.110303
0.110288
0.110279
0.110258
0.110255
0.110253
0.110244
0.110226
0.110205
0.110188
0.110177
0.110156
0.110154
0.110114
0.110084
0.110071
0.110058
0.110041
0.110038
0.110032
0.110026
0.110012
0.110004
0.109997
0.109936
0.109936
0.109932
0.1099
0.109874
0.109868
0.109853
0.109847
0.109793
0.109789
0.109782
0.109771
0.10976
0.109746
0.109745
0.109731
0.109727
0.109721
0.109709
0.109705
0.109705
0.109703
0.109677
0.10967
0.109651
0.109642
0.109619
0.109617
0.109613
0.109611
0.109611
0.109593
0.109589
0.109567
0.109565
0.109554
0.109551
0.109545
0.109536
0.109534
0.109531
0.109517
0.109511
0.10951
0.109503
0.109502
0.109497
0.109468
0.109468
0.109435
0.109789
0.109763
0.109761
0.109754
0.109736
0.109734
0.109715
0.109698
0.109686
0.109673
0.109666
0.109655
0.109642
0.109632
0.109631
0.109629
0.109617
0.109605
0.109576
0.109557
0.109552
0.109533
0.109516
0.109507
0.109474
0.109468
0.109463
0.109456
0.109453
0.109447
0.10944
0.109435
0.109418
0.109397
0.109334
0.109318
0.109305
0.109304
0.109292
0.109279
0.109273
0.109249
0.109243
0.109241
0.109239
0.109237
0.109219
0.109219
0.109218
0.109203
0.109197
0.109192
0.109154
0.109153
0.109145
0.109141
0.109136
0.109132
0.10912
0.109117
0.109116
0.109074
0.109051
0.109035
0.109027
0.109022
0.109017
0.109011
0.108988
0.108983
0.108964
0.108954
0.108951
0.108925
0.108909
0.1089
0.108836
0.108822
0.108795
0.108791
0.108777
0.108768
0.108768
0.108743
0.108725
0.108721
0.108699
0.108677
0.108657
0.108652
0.108644
0.108617
0.108616
0.108595
0.108552
0.108549
0.108533
0.108519
0.108503
0.108502
0.108487
0.108487
0.108464
0.108463
0.108462
0.108452
0.108444
0.108431
0.108427
0.108427
0.108426
0.1084
0.108382
0.108373
0.10837
0.108362
0.10829
0.108284
0.108281
0.10828
0.108279
0.108277
0.108268
0.108239
0.108233
0.108233
0.108231
0.108215
0.108213
0.108213
0.108209
0.108206
0.108173
0.108131
0.10811
0.108096
0.108085
0.108085
0.108064
0.108057
0.108051
0.108043
0.108039
0.108024
0.108004
0.108004
0.108003
0.107993
0.107993
0.107941
0.107939
0.107937
0.107934
0.107923
0.107906
0.107891
0.107884
0.107879
0.107859
0.107858
0.107849
0.107827
0.107824
0.107813
0.107808
0.107787
0.107755
0.107752
0.107751
0.107747
0.107737
0.107736
0.107734
0.107729
0.107724
0.107714
0.107704
0.107703
0.107702
0.1077
0.107693
0.107673
0.107665
0.107664
0.107642
0.107642
0.107636
0.10763
0.107621
0.107603
0.107591
0.107579
0.107579
0.107566
0.107555
0.107552
0.107545
0.107541
0.107541
0.107534
0.107521
0.107519
0.10751
0.107504
0.107498
0.107491
0.107482
0.107477
0.107477
0.107463
0.107444
0.10744
0.10743
0.107423
0.107423
0.107419
0.107415
0.107408
0.107405
0.107397
0.107397
0.107387
0.107387
0.10738
0.107373
0.107346
0.107332
0.107328
0.107314
0.107309
0.1073
0.107288
0.10728
0.107272
0.10725
0.107248
0.107234
0.10722
0.107207
0.1072
0.107198
0.107184
0.107178
0.107176
0.107175
0.107135
0.107127
0.107122
0.107111
0.107099
0.107095
0.107091
0.10708
0.107074
0.107061
0.107057
0.107046
0.107042
0.107039
0.107032
0.107001
0.107001
0.106996
0.106995
0.106991
0.106984
0.10698
0.106976
0.106972
0.106969
0.106945
0.106944
0.106938
0.106936
0.106927
0.106924
0.106906
0.106904
0.106894
0.106884
0.106883
0.106878
0.106867
0.106852
0.10685
0.106838
0.106835
0.106827
0.106806
0.106805
0.106794
0.106786
0.106785
0.106783
0.106781
0.106749
0.106745
0.106745
0.106737
0.106729
0.106722
0.106705
0.106705
0.106703
0.106687
0.10668
0.106676
0.106664
0.106664
0.106646
0.106646
0.106644
0.106636
0.106619
0.106596
0.106595
0.10659
0.106587
0.106575
0.106562
0.106553
0.10655
0.106545
0.106544
0.10654
0.106537
0.106534
0.106521
0.106519
0.106517
0.106484
0.106469
0.106467
0.106462
0.106462
0.106444
0.106429
0.106423
0.106418
0.106411
0.106411
0.106364
0.106363
0.106356
0.106352
0.106341
0.106341
0.106314
0.106303
0.106295
0.106282
0.106273
0.106262
0.106254
0.106242
0.106225
0.106224
0.10622
0.106219
0.106217
0.106212
0.106189
0.106188
0.106177
0.106164
0.106157
0.106156
0.10613
0.106128
0.106124
0.106111
0.106106
0.106105
0.106099
0.106098
0.106097
0.106096
0.10609
0.106085
0.106083
0.106075
0.106071
0.106065
0.106057
0.106055
0.106053
0.106047
0.106043
0.106029
0.106018
0.106017
0.106016
0.10601
0.106008
0.106004
0.105991
0.105965
0.105954
0.105951
0.105951
0.10595
0.105941
0.105939
0.105936
0.105933
0.105931
0.105915
0.105912
0.10591
0.105902
0.105888
0.105883
0.105872
0.105864
0.105864
0.105862
0.105857
0.105843
0.105839
0.105827
0.10582
0.10582
0.105803
0.105793
0.105793
0.105787
0.105784
0.105778
0.105774
0.105768
0.105757
0.105739
0.105733
0.105729
0.105725
0.105719
0.105714
0.105696
0.105691
0.105689
0.105674
0.105671
0.105658
0.105649
0.105649
0.105648
0.105648
0.105646
0.105636
0.10563
0.105625
0.105613
0.105612
0.105599
0.105589
0.105581
0.105578
0.105578
0.105575
0.105571
0.105566
0.105566
0.105563
0.10555
0.105538
0.105534
0.105526
0.105521
0.105519
0.105514
0.105514
0.105499
0.105498
0.105489
0.105477
0.105465
0.105464
0.105459
0.105453
0.105452
0.10545
0.105443
0.105438
0.105425
0.10542
0.105418
0.105415
0.105398
0.105392
0.105392
0.105388
0.105366
0.105362
0.105358
0.105354
0.105354
0.10534
0.105333
0.105325
0.105318
0.105317
0.105315
0.105312
0.105311
0.10531
0.105
0
0.105306
0.105305
0.105298
0.105293
0.10528
0.105279
0.105274
0.105274
0.105265
0.10525
0.105246
0.105228
0.105224
0.105221
0.105203
0.105187
0.105187
0.105187
0.105162
0.105148
0.105147
0.105146
0.105143
0.105131
0.105121
0.10512
0.105119
0.105119
0.105119
0.105118
0.105113
0.105108
0.105104
0.105096
0.105077
0.10507
0.105065
0.105063
0.105051
0.105046
0.105037
0.105021
0.104999
0.104991
0.104986
0.104985
0.104985
0.104972
0.104965
0.10496
0.10496
0.104958
0.10495
0.104948
0.104948
0.104947
0.104947
0.104945
0.104942
0.104939
0.104935
0.10493
0.104918
0.104917
0.104916
0.104916
0.104905
0.104899
0.104899
0.104898
0.104888
0.104875
0.104861
0.104861
0.104855
0.104837
0.104828
0.104821
0.104818
0.104817
0.104816
0.10481
0.1048
0.104799
0.104791
0.104788
0.104787
0.104784
0.104782
0.10475
0.104748
0.10474
0.104736
0.104736
0.10472
0.10472
0.104719
0.104714
0.104711
0.104704
0.104696
0.104691
0.10469
0.104676
0.10467
0.104656
0.104645
0.104643
0.10464
0.104639
0.104637
0.104632
0.10463
0.104627
0.10462
0.104619
0.104616
0.104613
0.104596
0.104587
0.104585
0.104578
0.104573
0.104573
0.104565
0.104563
0.104562
0.104554
0.104545
0.104541
0.104515
0.104509
0.104506
0.104505
0.1045
0.10449
0.104479
0.104479
0.104477
0.104474
0.104471
0.104468
0.104463
0.104463
0.104445
0.104443
0.104441
0.104435
0.104434
0.104434
0.104433
0.104426
0.104419
0.104416
0.104408
0.104397
0.104391
0.10439
0.104387
0.104378
0.104378
0.104371
0.104361
0.104361
0.104348
0.104344
0.10434
0.104333
0.104327
0.104327
0.104324
0.104316
0.104311
0.104307
0.104302
0.104288
0.104287
0.104286
0.104281
0.104276
0.104272
0.10427
0.104267
0.104265
0.104259
0.104259
0.104256
0.104244
0.104236
0.104227
0.104217
0.104198
0.104193
0.104187
0.10418
0.104179
0.104177
0.104176
0.104174
0.104172
0.104169
0.104165
0.104164
0.104163
0.104153
0.104152
0.104151
0.104148
0.104145
0.104137
0.104119
0.104112
0.104102
0.104085
0.104081
0.104075
0.10406
0.10406
0.104056
0.104046
0.104033
0.104017
0.104012
0.104002
0.103996
0.103993
0.103989
0.103987
0.103985
0.103979
0.103977
0.103976
0.103975
0.103973
0.103973
0.10397
0.10397
0.103968
0.103964
0.103963
0.103947
0.103943
0.103941
0.10394
0.103937
0.103929
0.103928
0.103928
0.103916
0.103915
0.103914
0.10391
0.103909
0.103908
0.103904
0.103902
0.103899
0.10389
0.103875
0.10387
0.103858
0.103846
0.103839
0.103834
0.103832
0.103831
0.103801
0.1038
0.103799
0.103793
0.103792
0.103787
0.10378
0.103779
0.103756
0.103755
0.103748
0.103744
0.103738
0.103737
0.103735
0.103731
0.103725
0.103724
0.103717
0.103709
0.103705
0.103705
0.103704
0.103701
0.1037
0.103699
0.103687
0.103686
0.103684
0.103678
0.103673
0.103662
0.103654
0.103653
0.103652
0.103647
0.103646
0.103645
0.103637
0.103636
0.103636
0.103632
0.103627
0.10362
0.10362
0.103617
0.103613
0.103607
0.103596
0.103595
0.103593
0.103592
0.10359
0.103578
0.103577
0.103573
0.103572
0.10357
0.103553
0.103544
0.103532
0.103532
0.103531
0.103529
0.103522
0.103514
0.103514
0.103509
0.103508
0.103504
0.103503
0.103497
0.103474
0.103467
0.10346
0.103455
0.103453
0.103449
0.103442
0.103438
0.103436
0.103425
0.103424
0.103423
0.103422
0.103419
0.103418
0.103402
0.103377
0.103376
0.103374
0.103366
0.103363
0.10336
0.103358
0.10335
0.103349
0.103344
0.103343
0.10334
0.103337
0.103327
0.103307
0.103306
0.103297
0.103293
0.103293
0.103285
0.103282
0.103279
0.103278
0.103275
0.103274
0.103272
0.103266
0.103266
0.103264
0.103255
0.103255
0.103249
0.103237
0.103233
0.103229
0.103217
0.103204
0.103202
0.103199
0.10319
0.10319
0.103187
0.103185
0.103184
0.103179
0.103163
0.103155
0.10315
0.103148
0.103142
0.103138
0.103134
0.103132
0.103117
0.103115
0.103112
0.103112
0.103107
0.103106
0.103103
0.103091
0.103086
0.103084
0.103077
0.103076
0.103055
0.103052
0.103041
0.10304
0.103033
0.103033
0.103028
0.103026
0.103024
0.10302
0.103016
0.103015
0.103012
0.10301
0.103008
0.103006
0.103003
0.102999
0.102995
0.102988
0.102985
0.102985
0.102982
0.102972
0.102972
0.102972
0.10297
0.102961
0.10296
0.102959
0.102951
0.102948
0.102945
0.102943
0.102942
0.102942
0.10294
0.102938
0.102931
0.102923
0.102921
0.102914
0.10291
0.102909
0.102902
0.102902
0.102899
0.102896
0.102892
0.10288
0.102875
0.102875
0.102874
0.102873
0.102859
0.102858
0.102856
0.102854
0.102854
0.102847
0.102843
0.102843
0.102841
0.102839
0.102838
0.102838
0.102831
0.10283
0.102829
0.102822
0.10282
0.102819
0.102811
0.10281
0.10281
0.102808
0.102808
0.102808
0.102807
0.102807
0.102806
0.102805
0.102803
0.102801
0.102793
0.102792
0.102782
0.102774
0.102774
0.102773
0.10276
0.102759
0.102756
0.102747
0.102745
0.102743
0.102739
0.102734
0.102733
0.102732
0.102731
0.10273
0.10273
0.102729
0.102728
0.102705
0.102702
0.102699
0.102698
0.102698
0.102691
0.10269
0.102689
0.102689
0.102685
0.102683
0.102679
0.102674
0.102674
0.102672
0.102669
0.102668
0.102662
0.102655
0.102652
0.102649
0.102641
0.10263
0.102627
0.102626
0.102624
0.102623
0.102615
0.102615
0.102613
0.10261
0.102606
0.102602
0.102599
0.102599
0.102598
0.102596
0.102595
0.102591
0.102589
0.102587
0.102585
0.102584
0.102579
0.102554
0.102553
0.102551
0.102549
0.102547
0.102545
0.102542
0.102538
0.102534
0.102533
0.102527
0.102523
0.102523
0.102521
0.102521
0.102519
0.102515
0.102511
0.10251
0.102509
0.102509
0.102506
0.102505
0.102497
0.102496
0.102495
0.102493
0.102491
0.102489
0.102486
0.102485
0.102484
0.102476
0.102464
0.102461
0.10246
0.102459
0.102455
0.102443
0.10244
0.102438
0.102438
0.102437
0.102436
0.102436
0.102436
0.102428
0.102424
0.102416
0.102415
0.102415
0.10241
0.102406
0.102405
0.102403
0.102403
0.1024
0.102392
0.102392
0.102388
0.102386
0.10238
0.102369
0.102369
0.102367
0.102359
0.102356
0.102356
0.102354
0.102349
0.102346
0.102344
0.102341
0.10234
0.102338
0.10233
0.102328
0.102325
0.102324
0.102323
0.102314
0.102314
0.102308
0.102298
0.102295
0.102294
0.102285
0.102285
0.102278
0.102276
0.102274
0.102273
0.102263
0.102263
0.102263
0.10226
0.102257
0.102255
0.102251
0.10225
0.102245
0.102239
0.102238
0.102236
0.102236
0.102235
0.102234
0.102234
0.102231
0.102219
0.102216
0.102213
0.102211
0.102211
0.102208
0.102204
0.102197
0.102197
0.102192
0.102185
0.102185
0.102184
0.102183
0.102183
0.102181
0.102181
0.102175
0.102171
0.10217
0.102159
0.102158
0.102157
0.102153
0.102153
0.102151
0.102148
0.102145
0.102143
0.102142
0.102138
0.102136
0.102128
0.102124
0.102123
0.102121
0.102118
0.102117
0.102107
0.102103
0.102102
0.102098
0.102097
0.102097
0.102096
0.102093
0.102093
0.102092
0.102084
0.102077
0.102077
0.102074
0.102074
0.102066
0.102065
0.10206
0.102059
0.102057
0.102056
0.102053
0.102051
0.102051
0.102048
0.102041
0.102039
0.102035
0.102029
0.102028
0.102025
0.102023
0.10202
0.102018
0.102017
0.102017
0.102013
0.102013
0.10201
0.102005
0.102005
0.102004
0.101999
0.101997
0.101994
0.101992
0.101991
0.101985
0.101984
0.101982
0.101981
0.10198
0.101979
0.101978
0.101978
0.101976
0.101976
0.101975
0.101972
0.101966
0.101963
0.101951
0.101948
0.101948
0.101942
0.101934
0.101932
0.101929
0.101929
0.101924
0.101919
0.101919
0.101918
0.101916
0.101915
0.101912
0.101907
0.101907
0.101903
0.101902
0.1019
0.101898
0.101898
0.101894
0.101891
0.101887
0.10188
0.101877
0.101875
0.101871
0.101869
0.101869
0.101865
0.101865
0.101862
0.101861
0.101861
0.101856
0.101855
0.101855
0.101849
0.101847
0.101847
0.101846
0.101838
0.101836
0.101836
0.101833
0.101829
0.101826
0.101823
0.101823
0.101816
0.101811
0.101807
0.101805
0.101797
0.101797
0.101796
0.101794
0.101789
0.101787
0.101786
0.101786
0.101777
0.101775
0.101764
0.101759
0.101758
0.101757
0.101756
0.101754
0.101752
0.101748
0.101747
0.101745
0.101744
0.101744
0.101737
0.101733
0.101731
0.101731
0.101727
0.101726
0.101725
0.101718
0.101717
0.101713
0.101712
0.1017
0.1017
0.101694
0.101687
0.101686
0.101679
0.101676
0.101676
0.101676
0.101676
0.101675
0.101674
0.101674
0.101673
0.101671
0.101671
0.101668
0.101661
0.101661
0.101659
0.101656
0.101652
0.101652
0.101651
0.101649
0.101648
0.101647
0.101645
0.101643
0.101642
0.101642
0.101642
0.101641
0.101638
0.101637
0.101636
0.101633
0.101631
0.101629
0.101625
0.101622
0.101622
0.10162
0.101615
0.101615
0.101614
0.101614
0.101612
0.101612
0.101611
0.101611
0.10161
0.101609
0.101608
0.101607
0.101603
0.1015
0
0.101592
0.101585
0.101579
0.101575
0.101572
0.10157
0.10157
0.101569
0.101568
0.101565
0.10156
0.101557
0.101555
0.101554
0.101554
0.101553
0.101548
0.101546
0.101543
0.101542
0.101542
0.10154
0.101538
0.101537
0.101537
0.101537
0.101537
0.101534
0.101532
0.101531
0.10153
0.10153
0.101526
0.101524
0.101521
0.10152
0.101517
0.101516
0.101515
0.10151
0.101506
0.101506
0.101505
0.1015
0.101499
0.101498
0.101498
0.101495
0.101495
0.101494
0.101494
0.101492
0.101489
0.101488
0.101485
0.101484
0.101482
0.10148
0.10148
0.101479
0.101476
0.101476
0.101474
0.101474
0.101466
0.101466
0.101465
0.101464
0.101464
0.101462
0.101457
0.101457
0.101456
0.101453
0.101452
0.101452
0.101452
0.10145
0.101448
0.101447
0.101446
0.101444
0.101443
0.10144
0.101439
0.101439
0.101435
0.101432
0.101427
0.101423
0.101423
0.101422
0.101413
0.101411
0.10141
0.101409
0.101408
0.101407
0.101404
0.101403
0.101402
0.1014
0.1014
0.1014
0.101398
0.101393
0.101392
0.10139
0.10139
0.101389
0.101389
0.101388
0.101386
0.101381
0.10138
0.10138
0.101377
0.101374
0.101372
0.101369
0.101365
0.101363
0.101362
0.101361
0.10136
0.10136
0.101359
0.101359
0.10135
0.101347
0.101347
0.10134
0.101339
0.101339
0.101338
0.101335
0.101335
0.101334
0.101333
0.101333
0.101332
0.101331
0.101327
0.101327
0.101326
0.101325
0.101322
0.101321
0.10132
0.101318
0.101314
0.101312
0.101307
0.101304
0.101302
0.1013
0.101298
0.101297
0.101296
0.101296
0.101292
0.101292
0.101291
0.10129
0.101289
0.101289
0.101288
0.101287
0.101286
0.101282
0.101281
0.101279
0.101279
0.101278
0.101275
0.101274
0.101274
0.101274
0.101274
0.101271
0.101269
0.101268
0.101265
0.101265
0.101262
0.10126
0.10126
0.10126
0.101259
0.101256
0.101256
0.101255
0.10125
0.101249
0.101242
0.101242
0.10124
0.10124
0.101238
0.101237
0.101234
0.101233
0.101233
0.101233
0.101232
0.101231
0.10123
0.101229
0.101228
0.101225
0.101224
0.101223
0.101219
0.101216
0.101213
0.101212
0.101211
0.101209
0.101207
0.101207
0.101206
0.101206
0.101205
0.101202
0.1012
0.101197
0.101197
0.101195
0.101194
0.101193
0.101193
0.101192
0.101192
0.101192
0.101191
0.10119
0.10119
0.10119
0.10119
0.10119
0.101187
0.101186
0.101185
0.101185
0.101184
0.101182
0.10118
0.101176
0.101174
0.101174
0.101172
0.101172
0.101171
0.101171
0.101171
0.101167
0.101164
0.101159
0.101156
0.101156
0.101156
0.101153
0.101151
0.101146
0.101145
0.101143
0.101135
0.101135
0.101128
0.101127
0.101126
0.101125
0.101121
0.10112
0.101119
0.101117
0.101116
0.101116
0.101115
0.101115
0.101115
0.101113
0.101108
0.101104
0.101103
0.101102
0.1011
0.1011
0.101099
0.101099
0.101098
0.101098
0.101098
0.101098
0.101097
0.101095
0.101093
0.101092
0.101089
0.101083
0.101081
0.101081
0.101081
0.101079
0.101077
0.101077
0.101076
0.101076
0.101075
0.101075
0.101074
0.101074
0.101072
0.10107
0.101066
0.101066
0.101066
0.101065
0.101065
0.101064
0.101064
0.101063
0.101062
0.10106
0.101058
0.101055
0.101055
0.101053
0.101052
0.101052
0.10105
0.101047
0.101043
0.101043
0.101041
0.10104
0.10104
0.101039
0.101034
0.101033
0.101032
0.10103
0.101028
0.101027
0.101027
0.101026
0.101025
0.101021
0.10102
0.101019
0.101018
0.101016
0.101013
0.101012
0.101011
0.101011
0.10101
0.10101
0.10101
0.101009
0.101004
0.100999
0.100999
0.100992
0.100992
0.100992
0.100991
0.100989
0.100989
0.100985
0.100984
0.100983
0.100983
0.100981
0.10098
0.100979
0.100979
0.100979
0.100978
0.100977
0.100975
0.100974
0.100972
0.100971
0.100971
0.100971
0.100967
0.100965
0.100961
0.10096
0.10096
0.100959
0.100956
0.100953
0.100951
0.100951
0.10095
0.10095
0.100949
0.100949
0.100947
0.100945
0.100944
0.100939
0.100938
0.100937
0.100936
0.100935
0.100934
0.100932
0.100931
0.100929
0.100928
0.100928
0.100927
0.100927
0.100926
0.100925
0.100924
0.100924
0.100923
0.100921
0.100918
0.100917
0.100914
0.100914
0.100913
0.100907
0.100907
0.100905
0.100904
0.100903
0.100902
0.100902
0.100902
0.100901
0.100899
0.100899
0.100898
0.100898
0.100897
0.100894
0.100894
0.100894
0.100891
0.10089
0.100889
0.100888
0.100888
0.100887
0.100885
0.100884
0.100884
0.100883
0.100882
0.100881
0.100881
0.10088
0.100877
0.100877
0.100876
0.100876
0.100875
0.100875
0.100874
0.100873
0.100872
0.100872
0.100872
0.10087
0.10087
0.100869
0.100868
0.100868
0.100864
0.100862
0.100862
0.100861
0.100859
0.100858
0.100857
0.100856
0.100854
0.100853
0.100852
0.10085
0.10085
0.100849
0.100847
0.100847
0.100846
0.100846
0.100845
0.100845
0.100844
0.100843
0.100841
0.100838
0.100834
0.100834
0.100833
0.100833
0.100831
0.10083
0.10083
0.10083
0.10083
0.100827
0.100826
0.100824
0.100823
0.100823
0.100822
0.100822
0.100821
0.10082
0.100817
0.100817
0.100815
0.100813
0.100813
0.100808
0.100807
0.100807
0.100804
0.100802
0.100801
0.1008
0.100799
0.100798
0.100797
0.100796
0.100795
0.100795
0.100795
0.100794
0.100794
0.100792
0.100792
0.100792
0.100788
0.100788
0.100787
0.100785
0.100784
0.100783
0.100782
0.10078
0.10078
0.10078
0.10078
0.100779
0.100779
0.100777
0.100776
0.100775
0.100773
0.100769
0.100768
0.100767
0.100766
0.100766
0.100765
0.100765
0.100764
0.100764
0.100762
0.100761
0.100761
0.10076
0.100759
0.100757
0.100755
0.100754
0.100754
0.10075
0.10075
0.100749
0.100749
0.100746
0.100745
0.100744
0.100743
0.100743
0.100743
0.100743
0.100743
0.100743
0.100743
0.100741
0.100741
0.10074
0.100738
0.100737
0.100735
0.100735
0.100734
0.100734
0.100732
0.100731
0.100731
0.100731
0.10073
0.100729
0.100729
0.100727
0.100727
0.100724
0.100723
0.100723
0.100722
0.10072
0.100717
0.100717
0.100717
0.100715
0.100714
0.100714
0.100712
0.100712
0.10071
0.100709
0.100708
0.100707
0.100707
0.100707
0.100706
0.100704
0.100703
0.100701
0.1007
0.100699
0.100698
0.100697
0.100694
0.100692
0.100691
0.100691
0.10069
0.100689
0.100688
0.100688
0.100688
0.100688
0.100687
0.100686
0.100684
0.100684
0.100683
0.100683
0.100683
0.100682
0.100682
0.10068
0.10068
0.100679
0.100679
0.100676
0.100675
0.100674
0.100672
0.100672
0.100671
0.10067
0.100669
0.100668
0.100667
0.100666
0.100665
0.100663
0.100663
0.100663
0.100663
0.100662
0.100661
0.100658
0.100658
0.100654
0.100654
0.100653
0.100653
0.100653
0.100651
0.100651
0.100649
0.100649
0.100649
0.100648
0.100647
0.100647
0.100647
0.100646
0.100646
0.100645
0.100642
0.100642
0.100641
0.100641
0.100638
0.100638
0.100637
0.100634
0.100633
0.100632
0.100629
0.100628
0.100627
0.100626
0.100625
0.100625
0.100625
0.100624
0.100623
0.100623
0.100623
0.100621
0.100621
0.100621
0.100618
0.100616
0.100616
0.100615
0.100615
0.100613
0.100611
0.10061
0.100608
0.100608
0.100608
0.100608
0.100607
0.100607
0.100606
0.100605
0.100604
0.100604
0.100603
0.100603
0.1006
0.100599
0.100599
0.100598
0.100597
0.100596
0.100595
0.100594
0.100591
0.10059
0.100589
0.100589
0.100586
0.100586
0.100585
0.100584
0.100584
0.100613
0.100613
0.100612
0.100612
0.100611
0.100609
0.100608
0.100608
0.100606
0.100604
0.100603
0.100603
0.100601
0.100601
0.1006
0.1006
0.100599
0.100598
0.100598
0.100597
0.100597
0.100597
0.100596
0.100593
0.100593
0.100592
0.10059
0.10059
0.10059
0.100589
0.100588
0.100587
0.100587
0.100586
0.100585
0.100585
0.100584
0.100584
0.100581
0.100581
0.100579
0.100579
0.100579
0.100578
0.100578
0.100574
0.100574
0.100571
0.100571
0.10057
0.100569
0.100569
0.100569
0.100567
0.100565
0.100565
0.100563
0.100563
0.100563
0.100563
0.100562
0.100562
0.10056
0.10056
0.10056
0.10056
0.10056
0.100559
0.100559
0.100557
0.100557
0.100555
0.100555
0.100555
0.100553
0.100552
0.100552
0.100552
0.100552
0.100551
0.100549
0.100548
0.100548
0.100547
0.100546
0.100545
0.100545
0.100545
0.100544
0.100544
0.100544
0.100543
0.100542
0.100541
0.10054
0.100538
0.100538
0.100538
0.100537
0.100537
0.100537
0.100536
0.100536
0.100535
0.100535
0.100534
0.100534
0.100532
0.10053
0.10053
0.100529
0.100528
0.100528
0.100528
0.100527
0.100526
0.100526
0.100525
0.100524
0.100524
0.100522
0.100522
0.100521
0.100521
0.100518
0.100516
0.100515
0.100512
0.100511
0.10051
0.10051
0.10051
0.100509
0.100508
0.100506
0.100506
0.100506
0.100506
0.100506
0.100506
0.100505
0.100504
0.100504
0.100504
0.100503
0.100503
0.100502
0.100502
0.100501
0.100501
0.100501
0.100499
0.100499
0.100497
0.100497
0.100497
0.100497
0.100497
0.100496
0.100495
0.100495
0.100494
0.100492
0.100492
0.100492
0.10049
0.100488
0.100488
0.1004
0.100486
0.100486
0.100486
0.100485
0.100485
0.100483
0.100483
0.100482
0.100481
0.100481
0.10048
0.10048
0.10048
0.100479
0.100476
0.100476
0.100476
0.100475
0.100474
0.100474
0.100474
0.100472
0.100471
0.100471
0.10047
0.10047
0.100469
0.100469
0.100468
0.100468
0.100467
0.100467
0.100467
0.100467
0.100466
0.100464
0.100464
0.100463
0.100463
0.100463
0.100462
0.100462
0.100461
0.100461
0.10046
0.10046
0.10046
0.100459
0.100459
0.100458
0.100457
0.100457
0.100457
0.100457
0.100457
0.100456
0.100456
0.100456
0.100456
0.100455
0.100455
0.100454
0.100454
0.100453
0.100453
0.100451
0.100447
0.100447
0.100446
0.100446
0.100445
0.100445
0.100445
0.100443
0.100443
0.100442
0.100442
0.100441
0.100439
0.100439
0.100439
0.100437
0.100437
0.100437
0.100436
0.100436
0.100436
0.100436
0.100436
0.100436
0.100436
0.100434
0.100433
0.100433
0.100432
0.100431
0.10043
0.10043
0.100429
0.100429
0.100428
0.100428
0.100428
0.100427
0.100427
0.100426
0.100425
0.100425
0.100425
0.100424
0.100423
0.100423
0.100423
0.100422
0.100422
0.100422
0.100422
0.10042
0.10042
0.100418
0.100416
0.100416
0.100416
0.100414
0.100413
0.100413
0.100413
0.100412
0.100412
0.100411
0.100411
0.100411
0.100411
0.100411
0.10041
0.100409
0.100409
0.100409
0.100409
0.100408
0.100408
0.100407
0.100407
0.100406
0.100406
0.100406
0.100405
0.100405
0.100405
0.100405
0.100404
0.100403
0.100402
0.100402
0.100402
0.100401
0.100401
0.100401
0.1004
0.1004
0.1004
0.100399
0.100399
0.100398
0.100397
0.100397
0.100396
0.100394
0.100394
0.100394
0.100393
0.100393
0.100393
0.100392
0.100392
0.100391
0.100391
0.100391
0.100391
0.10039
0.10039
0.100389
0.100389
0.100388
0.100387
0.100387
0.100386
0.100386
0.100385
0.100385
0.100385
0.100384
0.100384
0.100384
0.100383
0.100381
0.100381
0.10038
0.100379
0.100379
0.100379
0.100379
0.100379
0.100378
0.100376
0.100376
0.100375
0.100375
0.100374
0.100373
0.100373
0.100373
0.100372
0.100372
0.100371
0.100371
0.10037
0.10037
0.10037
0.100369
0.100368
0.100368
0.100368
0.100366
0.100366
0.100365
0.100365
0.100364
0.100364
0.100364
0.100363
0.100363
0.100362
0.100362
0.100362
0.100362
0.100362
0.100361
0.10036
0.10036
0.10036
0.10036
0.10036
0.100359
0.100359
0.100359
0.100359
0.100358
0.100357
0.100357
0.100357
0.100357
0.100357
0.100355
0.100355
0.100353
0.100352
0.100351
0.100351
0.100351
0.100351
0.10035
0.100347
0.100347
0.100347
0.100347
0.100346
0.100346
0.100345
0.100345
0.100345
0.100345
0.100343
0.100343
0.100343
0.100342
0.100341
0.100339
0.100339
0.100338
0.100338
0.100338
0.100337
0.100337
0.100337
0.100336
0.100336
0.100335
0.100335
0.100335
0.100335
0.100334
0.100333
0.100333
0.100333
0.100333
0.100332
0.100331
0.100328
0.100327
0.100327
0.100327
0.100327
0.100327
0.100326
0.100326
0.100326
0.100326
0.100325
0.100324
0.100324
0.100324
0.100324
0.100323
0.100323
0.100322
0.100322
0.100322
0.100322
0.100322
0.100321
0.100321
0.100321
0.10032
0.10032
0.10032
0.10032
0.10032
0.100319
0.100319
0.100319
0.100319
0.100318
0.100317
0.100316
0.100316
0.100315
0.100315
0.100315
0.100313
0.100312
0.100312
0.100311
0.100311
0.100311
0.10031
0.10031
0.100309
0.100309
0.100308
0.100308
0.100307
0.100306
0.100305
0.100305
0.100305
0.100304
0.100304
0.100304
0.100303
0.100303
0.100303
0.100303
0.100302
0.100302
0.100301
0.100301
0.100301
0.100301
0.1003
0.1003
0.100299
0.100299
0.100299
0.100299
0.100299
0.100298
0.100298
0.100296
0.100296
0.100296
0.100294
0.100294
0.100293
0.100292
0.100291
0.10029
0.10029
0.100287
0.100287
0.100286
0.100286
0.100285
0.100285
0.100284
0.100284
0.100284
0.100283
0.100283
0.100283
0.100283
0.100282
0.100282
0.100282
0.100282
0.100282
0.100281
0.10028
0.10028
0.10028
0.10028
0.10028
0.100279
0.100279
0.100279
0.100279
0.100277
0.100277
0.100276
0.100276
0.100275
0.100275
0.100275
0.100274
0.100274
0.100273
0.100273
0.100272
0.100272
0.100272
0.100272
0.100271
0.100271
0.100271
0.100271
0.10027
0.10027
0.100269
0.100269
0.100269
0.100269
0.100269
0.100269
0.100268
0.100268
0.100268
0.100268
0.100268
0.100268
0.100267
0.100267
0.100266
0.100266
0.100266
0.100266
0.100265
0.100265
0.100265
0.100265
0.100265
0.100265
0.100264
0.100263
0.100263
0.100263
0.100263
0.100263
0.100262
0.100262
0.100262
0.100261
0.10026
0.10026
0.10026
0.10026
0.100259
0.100259
0.100259
0.100259
0.100258
0.100258
0.100258
0.100258
0.100258
0.100257
0.100257
0.100257
0.100256
0.100256
0.100255
0.100255
0.100255
0.100255
0.100255
0.100254
0.100254
0.100253
0.100253
0.100253
0.100252
0.100252
0.100252
0.10025
0.10025
0.10025
0.10025
0.100249
0.100249
0.100249
0.100248
0.100248
0.100248
0.100247
0.100247
0.100247
0.100246
0.100246
0.100246
0.100246
0.100246
0.100246
0.100246
0.100245
0.100245
0.100245
0.100244
0.100243
0.100243
0.100242
0.100242
0.100242
0.10024
0.100239
0.100239
0.100239
0.100238
0.100238
0.100238
0.100237
0.100237
0.100236
0.100235
0.100235
0.100234
0.100233
0.100233
0.100233
0.100232
0.100232
0.100231
0.100231
0.10023
0.10023
0.100229
0.100229
0.100228
0.100228
0.100228
0.100227
0.100227
0.100227
0.100227
0.100226
0.100226
0.100226
0.100226
0.100226
0.100226
0.100226
0.100226
0.100226
0.100226
0.100225
0.100225
0.100225
0.100225
0.100224
0.100224
0.100223
0.100223
0.100223
0.100222
0.100222
0.100222
0.100222
0.100221
0.100221
0.10022
0.10022
0.10022
0.100219
0.100219
0.100219
0.100219
0.100218
0.100217
0.100216
0.100216
0.100216
0.100216
0.100216
0.100216
0.100216
0.100215
0.100215
0.100215
0.100215
0.100215
0.100215
0.100215
0.100214
0.100214
0.100214
0.100213
0.100213
0.100213
0.100213
0.100213
0.100213
0.100212
0.100212
0.100212
0.100211
0.100211
0.10021
0.100209
0.100209
0.100209
0.100208
0.100208
0.100208
0.100208
0.100207
0.100207
0.100207
0.100206
0.100206
0.100206
0.100206
0.100206
0.100205
0.100205
0.100205
0.100205
0.100204
0.100203
0.100203
0.100203
0.100203
0.100203
0.100202
0.100202
0.100202
0.100202
0.100201
0.100201
0.100201
0.100201
0.1002
0.1002
0.1002
0.1002
0.1002
0.100199
0.100199
0.100199
0.100199
0.100199
0.100198
0.100197
0.100196
0.100196
0.100196
0.100196
0.100195
0.100194
0.100194
0.100193
0.100193
0.100193
0.100193
0.100193
0.100193
0.100193
0.100193
0.100193
0.100192
0.100192
0.100192
0.100192
0.100191
0.100191
0.100191
0.100191
0.100191
0.100191
0.100191
0.100191
0.10019
0.10019
0.100189
0.100188
0.100187
0.100186
0.100186
0.100186
0.100186
0.100185
0.100185
0.100185
0.100185
0.100184
0.100184
0.100184
0.100184
0.100184
0.100183
0.100183
0.100183
0.100183
0.100183
0.100183
0.100182
0.100182
0.100181
0.100181
0.100181
0.100181
0.100181
0.10018
0.10018
0.100179
0.100178
0.100178
0.100178
0.100178
0.100178
0.100177
0.100177
0.100177
0.100176
0.100176
0.100176
0.100176
0.100176
0.100175
0.100175
0.100175
0.100175
0.100175
0.100175
0.100174
0.100174
0.100174
0.100174
0.100174
0.100173
0.100173
0.100172
0.100172
0.100172
0.100171
0.100171
0.100171
0.10017
0.10017
0.10017
0.100169
0.100169
0.100169
0.100169
0.100168
0.100168
0.100168
0.100167
0.100167
0.100167
0.100167
0.100167
0.100167
0.100167
0.100166
0.100166
0.100165
0.100165
0.100165
0.100164
0.100164
0.100164
0.100164
0.100164
0.100163
0.100163
0.100162
0.100162
0.100162
0.100162
0.100161
0.100161
0.10016
0.10016
0.10016
0.10016
0.10016
0.100159
0.100159
0.100158
0.100158
0.100158
0.100158
0.100158
0.100157
0.100157
0.100156
0.100156
0.100155
0.100155
0.100155
0.100154
0.100154
0.100154
0.100154
0.100154
0.100153
0.100153
0.100153
0.100153
0.100153
0.100152
0.100152
0.100152
0.100152
0.100152
0.100151
0.100151
0.100151
0.100151
0.100151
0.100151
0.10015
0.10015
0.10015
0.10015
0.100149
0.100149
0.100149
0.100149
0.100149
0.100149
0.100148
0.100148
0.100148
0.100147
0.100147
0.100146
0.100146
0.100146
0.100146
0.100146
0.100146
0.100146
0.100146
0.100146
0.100146
0.100145
0.100145
0.100145
0.100145
0.100145
0.100145
0.100145
0.100145
0.100144
0.100144
0.100144
0.100144
0.100144
0.100143
0.100143
0.100143
0.100143
0.100142
0.100142
0.100142
0.100142
0.100142
0.100141
0.100141
0.100141
0.100141
0.100141
0.100141
0.10014
0.10014
0.10014
0.100139
0.100139
0.100138
0.100138
0.100138
0.100138
0.100137
0.100137
0.100137
0.100137
0.100137
0.100137
0.100137
0.100136
0.100136
0.100136
0.100136
0.100135
0.100135
0.100135
0.100134
0.100134
0.100133
0.100132
0.100132
0.100132
0

0.100132
0.100132
0.100131
0.100131
0.100131
0.100131
0.100131
0.100131
0.100131
0.10013
0.10013
0.10013
0.10013
0.100129
0.100129
0.100129
0.100129
0.100129
0.100129
0.100128
0.100128
0.100128
0.100128
0.100128
0.100128
0.100128
0.100127
0.100127
0.100127
0.100127
0.100127
0.100126
0.100126
0.100126
0.100126
0.100125
0.100125
0.100125
0.100125
0.100125
0.100125
0.100124
0.100124
0.100124
0.100124
0.100124
0.100123
0.100123
0.100123
0.100123
0.100123
0.100123
0.100123
0.100122
0.100122
0.100122
0.100122
0.100122
0.100121
0.100121
0.100121
0.100121
0.10012
0.10012
0.10012
0.10012
0.10012
0.10012
0.10012
0.100119
0.100119
0.100119
0.100119
0.100119
0.100118
0.100118
0.100118
0.100118
0.100118
0.100118
0.100117
0.100117
0.100117
0.100117
0.100117
0.100117
0.100117
0.100116
0.100116
0.100116
0.100115
0.100115
0.100115
0.100115
0.100115
0.100115
0.100115
0.100115
0.100115
0.100114
0.100114
0.100114
0.100114
0.100114
0.100114
0.100114
0.100114
0.100113
0.100113
0.100113
0.100113
0.100113
0.100113
0.100112
0.100112
0.100112
0.100112
0.100112
0.100112
0.100112
0.100111
0.100111
0.100111
0.100111
0.10011
0.10011
0.10011
0.10011
0.10011
0.10011
0.10011
0.10011
0.10011
0.100109
0.100109
0.100109
0.100109
0.100109
0.100109
0.100108
0.100108
0.100108
0.100107
0.100107
0.100107
0.100107
0.100107
0.100107
0.100106
0.100106
0.100106
0.100106
0.100106
0.100106
0.100106
0.100106
0.100106
0.100106
0.100106
0.100106
0.100105
0.100105
0.100105
0.100105
0.100105
0.100105
0.100105
0.100105
0.100105
0.100105
0.100104
0.100104
0.100104
0.100104
0.100104
0.100104
0.100104
0.100103
0.100103
0.100103
0.100103
0.100103
0.100103
0.100103
0.100102
0.100102
0.100101
0.100101
0.100101
0.100101
0.100101
0.100101
0.1001
0.1001
0.1001
0.1001
0.1001
0.1001
0.100099
0.100099
0.100099
0.100099
0.100099
0.100099
0.100099
0.100099
0.100098
0.100098
0.100098
0.100098
0.100098
0.100098
0.100097
0.100097
0.100097
0.100097
0.100097
0.100097
0.100097
0.100097
0.100097
0.100096
0.100096
0.100096
0.100096
0.100096
0.100096
0.100096
0.100096
0.100096
0.100095
0.100095
0.100095
0.100094
0.100094
0.100094
0.100094
0.100094
0.100094
0.100094
0.100094
0.100094
0.100094
0.100093
0.100093
0.100093
0.100093
0.100093
0.100092
0.100092
0.100092
0.100092
0.100092
0.100092
0.100092
0.100092
0.100092
0.100091
0.100091
0.100091
0.100091
0.100091
0.100091
0.100091
0.10009
0.10009
0.10009
0.10009
0.10009
0.10009
0.10009
0.10009
0.10009
0.10009
0.100089
0.100089
0.100089
0.100089
0.100089
0.100089
0.100088
0.100088
0.100088
0.100088
0.100088
0.100088
0.100088
0.100088
0.100088
0.100088
0.100087
0.100087
0.100087
0.100087
0.100087
0.100087
0.100087
0.100087
0.100086
0.100086
0.100086
0.100085
0.100085
0.100085
0.100085
0.100085
0.100085
0.100085
0.100084
0.100084
0.100084
0.100084
0.100084
0.100084
0.100084
0.100084
0.100084
0.100083
0.100083
0.100083
0.100083
0.100083
0.100083
0.100083
0.100083
0.100083
0.100083
0.100083
0.100083
0.100082
0.100082
0.100082
0.100082
0.100082
0.100082
0.100082
0.100082
0.100082
0.100082
0.100082
0.100081
0.100081
0.100081
0.100081
0.100081
0.100081
0.100081
0.100081
0.100081
0.10008
0.10008
0.10008
0.10008
0.10008
0.10008
0.100079
0.100079
0.100079
0.100079
0.100079
0.100079
0.100079
0.100078
0.100078
0.100078
0.100078
0.100078
0.100078
0.100078
0.100078
0.100078
0.100077
0.100077
0.100077
0.100077
0.100077
0.100077
0.100077
0.100077
0.100077
0.100076
0.100076
0.100076
0.100076
0.100076
0.100076
0.100076
0.100076
0.100076
0.100076
0.100076
0.100075
0.100075
0.100075
0.100075
0.100075
0.100075
0.100075
0.100075
0.100075
0.100075
0.100075
0.100075
0.100075
0.100075
0.100075
0.100075
0.100075
0.100075
0.100074
0.100074
0.100074
0.100074
0.100074
0.100074
0.100074
0.100074
0.100073
0.100073
0.100073
0.100073
0.100073
0.100073
0.100073
0.100072
0.100072
0.100072
0.100072
0.100072
0.100072
0.100072
0.100072
0.100072
0.100072
0.100072
0.100071
0.100071
0.100071
0.100071
0.10007
0.10007
0.10007
0.10007
0.10007
0.10007
0.10007
0.10007
0.10007
0.10007
0.10007
0.10007
0.100069
0.100069
0.100069
0.100069
0.100069
0.100069
0.100069
0.100069
0.100069
0.100068
0.100068
0.100068
0.100068
0.100068
0.100068
0.100067
0.100067
0.100067
0.100067
0.100067
0.100066
0.100066
0.100066
0.100066
0.100066
0.100066
0.100066
0.100066
0.100065
0.100064
0.100064
0.100064
0.100064
0.100064
0.100063
0.100063
0.100063
0.100063
0.100063
0.100063
0.100063
0.100063
0.100062
0.100062
0.100062
0.100062
0.100062
0.100062
0.100062
0.100062
0.100062
0.100062
0.100062
0.100062
0.100061
0.100061
0.100061
0.100061
0.100061
0.100061
0.10006
0.10006
0.10006
0.10006
0.10006
0.10006
0.100059
0.100059
0.100059
0.100059
0.100059
0.100059
0.100059
0.100059
0.100059
0.100059
0.100059
0.100058
0.100058
0.100058
0.100058
0.100058
0.100058
0.100058
0.100058
0.100058
0.100058
0.100058
0.100058
0.100058
0.100057
0.100057
0.100057
0.100057
0.100057
0.100057
0.100057
0.100057
0.100056
0.100056
0.100056
0.100056
0.100055
0.100055
0.100055
0.100055
0.100055
0.100055
0.100055
0.100055
0.100055
0.100054
0.100054
0.100054
0.100054
0.100054
0.100054
0.100053
0.100053
0.100053
0.100053
0.100053
0.100053
0.100053
0.100052
0.100052
0.100052
0.100052
0.100052
0.100052
0.100052
0.100052
0.100052
0.100052
0.100052
0.100052
0.100052
0.100051
0.100051
0.100051
0.100051
0.100051
0.100051
0.100051
0.100051
0.100051
0.10005
0.10005
0.10005
0.10005
0.10005
0.10005
0.10005
0.10005
0.10005
0.100049
0.100049
0.100049
0.100049
0.100049
0.100049
0.100048
0.100048
0.100048
0.100048
0.100048
0.100048
0.100048
0.100048
0.100047
0.100047
0.100047
0.100047
0.100047
0.100047
0.100047
0.100047
0.100047
0.100046
0.100046
0.100046
0.100046
0.100046
0.100046
0.100046
0.100046
0.100046
0.100046
0.100045
0.100045
0.100045
0.100045
0.100045
0.100045
0.100045
0.100045
0.100045
0.100045
0.100045
0.100045
0.100044
0.100044
0.100044
0.100044
0.100044
0.100044
0.100044
0.100044
0.100044
0.100044
0.100044
0.100044
0.100044
0.100043
0.100043
0.100043
0.100043
0.100042
0.100042
0.100042
0.100042
0.100042
0.100042
0.100042
0.100042
0.100042
0.100042
0.100041
0.100041
0.100041
0.100041
0.100041
0.100041
0.100041
0.100041
0.100041
0.100041
0.100041
0.100041
0.100041
0.100041
0.10004
0.10004
0.10004
0.10004
0.10004
0.10004
0.10004
0.10004
0.10004
0.10004
0.10004
0.10004
0.100039
0.100039
0.100039
0.100039
0.100039
0.100039
0.100039
0.100039
0.100039
0.100039
0.100039
0.100039
0.100038
0.100038
0.100038
0.100038
0.100038
0.100038
0.100038
0.100038
0.100038
0.100038
0.100037
0.100037
0.100037
0.100037
0.100037
0.100037
0.100037
0.100037
0.100037
0.100037
0.100036
0.100036
0.100036
0.100036
0.100036
0.100036
0.100036
0.100036
0.100036
0.100036
0.100036
0.100036
0.100035
0.100035
0.100035
0.100035
0.100035
0.100035
0.100035
0.100035
0.100034
0.100034
0.100034
0.100034
0.100034
0.100034
0.100034
0.100034
0.100034
0.100034
0.100034
0.100034
0.100034
0.100033
0.100033
0.100033
0.100033
0.100033
0.100033
0.100033
0.100033
0.100033
0.100033
0.100032
0.100032
0.100032
0.100032
0.100032
0.100032
0.100032
0.100032
0.100032
0.100032
0.100032
0.100032
0.100031
0.100031
0.100031
0.100031
0.100031
0.100031
0.100031
0.100031
0.100031
0.100031
0.100031
0.100031
0.100031
0.100031
0.100031
0.10003
0.10003
0.10003
0.10003
0.10003
0.10003
0.10003
0.10003
0.10003
0.10003
0.10003
0.10003
0.100029
0.100029
0.100029
0.100029
0.100029
0.100029
0.100029
0.100029
0.100029
0.100029
0.100029
0.100029
0.100029
0.100029
0.100028
0.100028
0.100028
0.100028
0.100028
0.100028
0.100028
0.100028
0.100028
0.100028
0.100028
0.100028
0.100028
0.100028
0.100028
0.100028
0.100028
0.100028
0.100028
0.100027
0.100035
0.100035
0.100035
0.100035
0.100035
0.100035
0.100035
0.100035
0.100035
0.100035
0.100035
0.100035
0.100034
0.100034
0.100034
0.100034
0.100034
0.100034
0.100034
0.100034
0.100034
0.100034
0.100034
0.100034
0.100034
0.100034
0.100033
0.100033
0.100033
0.100033
0.100033
0.100033
0.100033
0.100033
0.100033
0.100033
0.100033
0.100033
0.100033
0.100033
0.100033
0.100033
0.100033
0.100033
0.100033
0.100033
0.100033
0.100033
0.100033
0.100032
0.100032
0.100032
0.100032
0.100032
0.100032
0.100032
0.100032
0.100032
0.100032
0.100031
0.100031
0.100031
0.100031
0.100031
0.100031
0.100031
0.100031
0.100031
0.10000.0.100031
0.100031
0.100031
0.100031
0.100031
0.100031
0.100031
0.100031
0.100031
0.100031
0.10003
0.10003
0.10003
0.10003
0.10003
0.10003
0.10003
0.10003
0.10003
0.10003
0.100029
0.100029
0.100029
0.100029
0.100029
0.100029
0.100029
0.100029
0.100029
0.100029
0.100029
0.100029
0.100029
0.100029
0.100029
0.100029
0.100028
0.100028
0.100028
0.100028
0.100028
0.100028
0.100028
0.100028
0.100028
0.100028
0.100028
0.100028
0.100028
0.100028
0.100028
0.100028
0.100027
0.100027
0.100027
0.100027
0.100027
0.100027
0.100027
0.100027
0.100027
0.100027
0.100027
0.100027
0.100027
0.100027
0.100027
0.100027
0.100027
0.100027
0.100027
0.100027
0.100027
0.100026
0.100026
0.100026
0.100026
0.100026
0.100026
0.100026
0.100026
0.100026
0.100026
0.100026
0.100026
0.100025
0.100025
0.100025
0.100025
0.100025
0.100025
0.100025
0.100025
0.100025
0.100025
0.100025
0.100024
0.100024
0.100024
0.100024
0.100024
0.100024
0.100024
0.100024
0.100024
0.100024
0.100024
0.100024
0.100024
0.100024
0.100024
0.100024
0.100024
0.100024
0.100024
0.100024
0.100023
0.100023
0.100023
0.100023
0.100023
0.100023
0.100023
0.100023
0.100023
0.100023
0.100023
0.100023
0.100023
0.100023
0.100023
0.100022
0.100022
0.100022
0.100022
0.100022
0.100022
0.100022
0.100022
0.100022
0.100022
0.100022
0.100022
0.100022
0.100022
0.100022
0.100022
0.100022
0.100022
0.100022
0.100022
0.100022
0.100022
0.100022
0.100022
0.100022
0.100022
0.100022
0.100022
0.100021
0.100021
0.100021
0.100021
0.100021
0.100021
0.100021
0.100021
0.100021
0.100021
0.100021
0.100021
0.10002
0.10002
0.10002
0.10002
0.10002
0.10002
0.10002
0.10002
0.10002
0.10002
0.10002
0.10002
0.10002
0.10002
0.10002
0.10002
0.10002
0.10002
0.10002
0.10002
0.10002
0.10002
0.100019
0.100019
0.100019
0.100019
0.100019
0.100019
0.100019
0.100019
0.100019
0.100019
0.100019
0.100019
0.100019
0.100019
0.100019
0.100019
0.100019
0.100019
0.100019
0.100019
0.100019
0.100019
0.100019
0.100019
0.100019
0.100019
0.100019
0.100019
0.100018
0.100018
0.100018
0.100018
0.100018
0.100018
0.100018
0.100018
0.100018
0.100018
0.100018
0.100018
0.100018
0.100018
0.100018
0.100018
0.100018
0.100018
0.100018
0.100018
0.100018
0.100018
0.100017
0.100017
0.100017
0.100017
0.100017
0.100017
0.100017
0.100017
0.100017
0.100017
0.100017
0.100017
0.100017
0.100017
0.100017
0.100017
0.100017
0.100017
0.100017
0.100017
0.100017
0.100017
0.100017
0.100017
0.100017
0.100017
0.100017
0.100016
0.100016
0.100016
0.100016
0.100016
0.100016
0.100016
0.100016
0.100016
0.100016
0.100016
0.100016
0.100016
0.100016
0.100016
0.100015
0.100015
0.100015
0.100015
0.100015
0.100015
0.100015
0.100015
0.100015
0.100015
0.100015
0.100015
0.100015
0.100015
0.100015
0.100015
0.100015
0.100015
0.100015
0.100015
0.100015
0.100015
0.100015
0.100015
0.100015
0.100015
0.100015
0.100015
0.100015
0.100015
0.100015
0.100015
0.100015
0.100014
0.100014
0.100014
0.100014
0.100014
0.100014
0.100014
0.100014
0.100014
0.100014
0.100014
0.100014
0.100014
0.100014
0.100014
0.100014
0.100014
0.100014
0.100014
0.100014
0.100014
0.100014
0.100014
0.100014
0.100014
0.100014
0.100014
0.100014
0.100014
0.100013
0.100013
0.100013
0.100013
0.100013
0.100013
0.100013
0.100013
0.100013
0.100013
0.100013
0.100013
0.100013
0.100013
0.100013
0.100013
0.100013
0.100013
0.100013
0.100013
0.100013
0.100012
0.100012
0.100012
0.100012
0.100012
0.100012
0.100012
0.100012
0.100012
0.100012
0.100012
0.100012
0.100012
0.100012
0.100012
0.100012
0.100012
0.100012
0.100012
0.100012
0.100012
0.100011
0.100011
0.100011
0.100011
0.100011
0.100011
0.100011
0.100011
0.100011
0.100011
0.100011
0.100011
0.100011
0.100011
0.100011
0.100011
0.100011
0.100011
0.100011
0.100011
0.100011
0.100011
0.100011
0.100011
0.100011
0.100024
0.100024
0.100024
0.100024
0.100024
0.100024
0.100024
0.100024
0.100024
0.100024
0.100024
0.100024
0.100024
0.100024
0.100024
0.100024
0.100024
0.100024
0.100024
0.100024
0.100024
0.100024
0.100024
0.100024
0.100023
0.100023
0.100023
0.100023
0.100023
0.100023
0.100023
0.100023
0.100023
0.100023
0.100023
0.100023
0.100023
0.100023
0.100023
0.100023
0.100023
0.100023
0.100023
0.100023
0.100023
0.100023
0.100023
0.100023
0.100023
0.100023
0.100023
0.100022
0.100022
0.100022
0.100022
0.100022
0.100022
0.100022
0.100022
0.100022
0.100022
0.100022
0.100022
0.100022
0.100022
0.100022
0.100022
0.100022
0.100022
0.100022
0.100022
0.100022
0.100022
0.100022
0.100022
0.100022
0.100022
0.100022
0.100022
0.100022
0.100022
0.100022
0.100022
0.100022
0.100022
0.100022
0.100022
0.100022
0.100022
0.100022
0.100022
0.100022
0.100022
0.100022
0.100022
0.100022
0.100021
0.100021
0.100021
0.100021
0.100021
0.100021
0.100021
0.100021
0.100021
0.100021
0.100021
0.100021
0.100021
0.100021
0.100021
0.100021
0.100021
0.100021
0.100021
0.10002
0.10002
0.10002
0.10002
0.10002
0.10002
0.10002
0.10002
0.10002
0.10002
0.10002
0.10002
0.10002
0.10002
0.10002
0.10002
0.10002
0.10002
0.10002
0.10002
0.10002
0.10002
0.10002
0.10002
0.10002
0.10002
0.10002
0.10002
0.10002
0.10002
0.10002
0.10002
0.10002
0.10002
0.10002
0.10002
0.10002
0.10002
0.10002
0.10002
0.10002
0.10002
0.100019
0.100019
0.100019
0.100019
0.100019
0.100019
0.100019
0.100019
0.100019
0.100019
0.100019
0.100019
0.100019
0.100019
0.100019
0.100019
0.100019
0.100019
0.100019
0.100019
0.100019
0.100019
0.100019
0.100019
0.100019
0.100019
0.100019
0.100018
0.100018
0.100018
0.100018
0.100018
0.100018
0.100018
0.100018
0.100018
0.100018
0.100018
0.100018
0.100018
0.100018
0.100018
0.100018
0.100018
0.100018
0.100018
0.100018
0.100018
0.100018
0.100018
0.100018
0.100018
0.100018
0.100018
0.100018
0.100018
0.100018
0.100018
0.100018
0.100018
0.100018
0.100018
0.100018
0.100018
0.100018
0.100017
0.100017
0.100017
0.100017
0.100017
0.100017
0.100017
0.100017
0.100017
0.100017
0.100017
0.100017
0.100017
0.100017
0.100017
0.100017
0.100017
0.100017
0.100017
0.100017
0.100017
0.100017
0.100017
0.100017
0.100017
0.100017
0.100017
0.100017
0.100017
0.100016
0.100016
0.100016
0.100016
0.100016
0.100016
0.100016
0.100016
0.100016
0.100016
0.100016
0.100016
0.100016
0.100016
0.100016
0.100016
0.100016
0.100016
0.100016
0.100016
0.100016
0.100016
0.100016
0.100016
0.100016
0.100016
0.100016
0.100016
0.100016
0.100016
0.100016
0.100016
0.100015
0.100015
0.100015
0.100015
0.100015
0.100015
0.100015
0.100015
0.100015

