1.9891
1.98869
1.98847
1.98272
1.97622
1.9721
1.96973
1.96905
1.96371
1.96179
1.95369
1.9376
1.93181
1.92621
1.92492
1.92285
1.92007
1.91908
1.91765
1.91338
1.90295
1.89171
1.88777
1.88528
1.88115
1.87924
1.87349
1.87108
1.86901
1.86508
1.86504
1.86157
1.85938
1.85649
1.85595
1.85557
1.85381
1.84628
1.84419
1.8415
1.83841
1.83791
1.83771
1.83469
1.82955
1.82498
1.82143
1.81821
1.81546
1.81453
1.80307
1.80257
1.79056
1.78999
1.78987
1.78551
1.78056
1.7791
1.77837
1.77632
1.77406
1.774
1.77396
1.77383
1.77301
1.77216
1.76881
1.76418
1.76361
1.76136
1.76015
1.75999
1.75831
1.75739
1.75726
1.75537
1.7424
1.7418
1.73995
1.7399
1.73943
1.73835
1.73816
1.73682
1.73126
1.73124
1.73015
1.72265
1.71578
1.71408
1.71348
1.7133
1.71194
1.70631
1.70027
1.69875
1.69734
1.68993
1.6879
1.68526
1.6841
1.68409
1.6835
1.68297
1.68169
1.68119
1.67982
1.67974
1.6789
1.67512
1.67298
1.67284
1.67238
1.67093
1.66514
1.664
1.66287
1.66287
1.66185
1.65948
1.65699
1.65368
1.65304
1.64946
1.64944
1.64395
1.6424
1.64228
1.63704
1.63701
1.63632
1.63231
1.63211
1.62916
1.62804
1.62317
1.616
1.60815
1.60745
1.60529
1.60281
1.60265
1.59953
1.59943
1.59471
1.59414
1.5887
1.58736
1.58715
1.58648
1.58498
1.58363
1.57763
1.57698
1.57617
1.57247
1.56622
1.56579
1.56072
1.55775
1.55668
1.55513
1.55469
1.54551
1.54144
1.53983
1.53731
1.53033
1.52938
1.52922
1.52756
1.52496
1.52204
1.52187
1.5205
1.51936
1.51905
1.51629
1.51523
1.51448
1.51315
1.51183
1.5118
1.50932
1.50823
1.50648
1.50579
1.50571
1.50544
1.5028
1.50114
1.49695
1.49637
1.49523
1.4928
1.49225
1.48734
1.48709
1.4845
1.48371
1.48158
1.47905
1.47835
1.47472
1.4737
1.47173
1.47084
1.46826
1.46524
1.46469
1.46306
1.46048
1.45966
1.45903
1.45637
1.45552
1.45485
1.45201
1.44987
1.44714
1.44589
1.44555
1.44551
1.44543
1.44446
1.4436
1.44302
1.43787
1.43669
1.43325
1.43216
1.43161
1.4314
1.4299
1.42861
1.42804
1.42775
1.42729
1.42724
1.42628
1.42601
1.42552
1.42357
1.42336
1.42238
1.42204
1.4212
1.41603
1.41455
1.41338
1.41323
1.41147
1.41132
1.41041
1.40599
1.405
1.4049
1.40117
1.39847
1.39806
1.39285
1.39136
1.38965
1.38875
1.38744
1.38724
1.38721
1.38665
1.3847
1.38466
1.38456
1.38282
1.37383
1.36681
1.36476
1.36342
1.36241
1.36198
1.36155
1.36055
1.35368
1.35084
1.34739
1.34684
1.34678
1.34483
1.34447
1.34374
1.3437
1.34203
1.34146
1.33927
1.33779
1.33586
1.33547
1.33407
1.33114
1.33075
1.32965
1.32668
1.32423
1.32413
1.32294
1.32255
1.32027
1.3179
1.31767
1.31744
1.31681
1.31443
1.31363
1.31284
1.31141
1.31003
1.3093
1.30726
1.3061
1.30575
1.30456
1.30296
1.29859
1.29854
1.29061
1.28802
1.28637
1.2863
1.28569
1.28528
1.28478
1.28447
1.2843
1.28363
1.28337
1.28289
1.2816
1.27905
1.2781
1.27656
1.27599
1.2757
1.27406
1.27295
1.27283
1.27281
1.27102
1.27084
1.27027
1.26805
1.26703
1.26621
1.26493
1.26297
1.26089
1.26076
1.26067
1.25881
1.25681
1.25645
1.25481
1.25479
1.25447
1.25348
1.25199
1.25072
1.24584
1.2455
1.24435
1.24316
1.24272
1.24269
1.24236
1.23796
1.2371
1.23354
1.23094
1.23093
1.22982
1.22912
1.22862
1.22764
1.22762
1.22667
1.22604
1.22489
1.22102
1.22046
1.21723
1.21712
1.21581
1.21488
1.21403
1.21054
1.20932
1.20596
1.2045
1.20386
1.20368
1.20098
1.20089
1.19965
1.19673
1.19576
1.19415
1.19407
1.19385
1.19328
1.19277
1.19087
1.19066
1.18834
1.18759
1.18778
1.18755
1.18736
1.18636
1.1854
1.18388
1.18185
1.18165
1.18163
1.18143
1.18119
1.17862
1.17854
1.17779
1.17733
1.17697
1.1769
1.1761
1.17599
1.17577
1.1754
1.17436
1.17431
1.17134
1.17129
1.17108
1.17084
1.16925
1.16901
1.16846
1.16641
1.16618
1.16465
1.16423
1.16373
1.16136
1.16004
1.15888
1.15864
1.15796
1.15713
1.15699
1.15584
1.15377
1.15143
1.15057
1.14746
1.14697
1.1445
1.14209
1.14172
1.14112
1.13909
1.1381
1.1377
1.13583
1.13227
1.13177
1.13151
1.13054
1.1298
1.12777
1.12539
1.12484
1.12457
1.12382
1.1224
1.12131
1.12076
1.11973
1.1191
1.11827
1.1174
1.11365
1.11313
1.11274
1.11162
1.11137
1.11046
1.10945
1.10811
1.10789
1.10773
1.10681
1.10651
1.10562
1.10558
1.10512
1.10452
1.10325
1.10157
1.10047
1.10029
1.09975
1.0978
1.09728
1.09718
1.09601
1.09536
1.0953
1.09448
1.09382
1.09382
1.0922
1.09022
1.08823
1.08753
1.08704
1.08475
1.08403
1.08047
1.07941
1.07822
1.07713
1.0767
1.07662
1.07604
1.07586
1.07514
1.07415
1.07342
1.07275
1.07031
1.06938
1.06926
1.06733
1.06703
1.06695
1.06678
1.06614
1.06503
1.06473
1.06428
1.06418
1.06316
1.06281
1.06229
1.06226
1.06126
1.061
1.06062
1.06016
1.05875
1.05803
1.05794
1.05756
1.05741
1.05729
1.0569
1.05686
1.05681
1.05635
1.05618
1.05608
1.05566
1.05484
1.05451
1.05374
1.05278
1.05234
1.05228
1.05228
1.05217
1.04951
1.04903
1.04885
1.04874
1.04816
1.04747
1.04706
1.04535
1.0451
1.04498
1.04446
1.04244
1.04212
1.04203
1.04125
1.0412
1.04087
1.0408
1.03991
1.0388
1.0388
1.03805
1.038
1.03673
1.03632
1.03383
1.03055
1.02945
1.02919
1.02844
1.0262
1.02618
1.02567
1.0252
1.02405
1.02387
1.02387
1.02356
1.02281
1.0228
1.02233
1.02175
1.02053
1.0198
1.0198
1.01924
1.01887
1.01726
1.017
1.01534
1.01518
1.01516
1.01416
1.01333
1.01307
1.01286
1.01114
1.0111
1.0111
1.01084
1.00999
1.00987
1.00962
1.00954
1.00908
1.00844
1.00839
1.008
1.00748
1.00678
1.00673
1.00591
1.00585
1.00578
1.00537
1.00534
1.00356
1.00235
1.00211
1.00187
1.00172
1.00163
1.00141
1.00069
1.00055
1.0002
0.999705
0.999496
0.999125
0.998769
0.998605
0.998323
0.997731
0.997588
0.997006
0.996967
0.996861
0.996712
0.996629
0.996321
0.996211
0.995952
0.995493
0.995429
0.994795
0.994183
0.993917
0.993825
0.993486
0.992892
0.992851
0.992655
0.992628
0.992624
0.992154
0.992111
0.990931
0.990893
0.990749
0.990416
0.990003
0.98995
0.98964
0.989578
0.989177
0.988607
0.988379
0.988267
0.987941
0.987792
0.98753
0.987216
0.987207
0.985759
0.985097
0.984975
0.984341
0.983832
0.983791
0.983465
0.981616
0.981056
0.980963
0.980285
0.978957
0.978485
0.978343
0.977596
0.976951
0.976452
0.975243
0.975086
0.97369
0.973641
0.972944
0.971905
0.970903
0.970519
0.970171
0.969566
0.968613
0.968208
0.967881
0.965602
0.964562
0.964292
0.963999
0.963849
0.963811
0.963796
0.963752
0.961919
0.961643
0.961587
0.96123
0.960381
0.960061
0.959994
0.959453
0.95928
0.959025
0.958935
0.958762
0.957555
0.957492
0.957275
0.955467
0.954845
0.954796
0.954697
0.954539
0.953869
0.953664
0.953393
0.953304
0.951845
0.95173
0.950331
0.949977
0.949412
0.949285
0.949184
0.948674
0.94836
0.947669
0.947511
0.947236
0.945227
0.944273
0.943649
0.943064
0.942896
0.942892
0.941642
0.940238
0.939986
0.939934
0.939876
0.939708
0.939106
0.938708
0.937982
0.937565
0.936487
0.936474
0.935757
0.93519
0.935021
0.934814
0.934254
0.934152
0.933965
0.933662
0.933608
0.93344
0.932794
0.932565
0.932359
0.932169
0.931607
0.931581
0.931035
0.930841
0.928314
0.927933
0.92703
0.926291
0.926
0.925683
0.925498
0.923584
0.923227
0.92308
0.92304
0.922743
0.921253
0.921198
0.920721
0.919362
0.918966
0.91788
0.917547
0.915698
0.915515
0.914839
0.913938
0.910601
0.910216
0.909853
0.907806
0.90657
0.905116
0.904537
0.902786
0.902102
0.901891
0.901261
0.899792
0.899132
0.899003
0.898902
0.89804
0.897552
0.895449
0.895323
0.895265
0.895221
0.893947
0.893222
0.892155
0.891869
0.891463
0.891274
0.891204
0.891111
0.888606
0.888093
0.887529
0.887492
0.887426
0.887361
0.88728
0.887012
0.886804
0.886764
0.886746
0.885839
0.883824
0.883808
0.883534
0.883367
0.882678
0.882573
0.881133
0.880801
0.880011
0.879987
0.879777
0.879759
0.879487
0.878196
0.875198
0.874093
0.873811
0.873783
0.873688
0.873233
0.873151
0.872928
0.872885
0.872763
0.872439
0.872407
0.870242
0.870046
0.86915
0.868069
0.866565
0.866244
0.866165
0.86537
0.865122
0.864909
0.864511
0.864118
0.864069
0.863496
0.862951
0.862239
0.861867
0.861275
0.861164
0.860619
0.859647
0.859511
0.859124
0.858976
0.858608
0.857319
0.856715
0.85963
0.859398
0.859104
0.858953
0.858862
0.858444
0.858011
0.857911
0.857
0.856987
0.856704
0.85642
0.855821
0.855766
0.85421
0.853302
0.852513
0.851889
0.850901
0.850671
0.85002
0.849096
0.848982
0.848823
0.848639
0.848549
0.847971
0.847932
0.847658
0.847579
0.847126
0.84672
0.84541
0.845082
0.844696
0.844066
0.843619
0.843585
0.843222
0.843116
0.842723
0.842456
0.842186
0.841771
0.839736
0.839548
0.839233
0.837726
0.837582
0.837256
0.837012
0.836682
0.836212
0.835393
0.834694
0.834609
0.834609
0.834327
0.833849
0.833692
0.833068
0.832754
0.832337
0.832161
0.832017
0.830006
0.828611
0.828582
0.827672
0.827446
0.826637
0.826544
0.825425
0.824646
0.824536
0.824453
0.824275
0.824228
0.824139
0.823564
0.821978
0.821114
0.820516
0.819999
0.819848
0.819776
0.819716
0.817943
0.817715
0.817574
0.816364
0.816327
0.815664
0.812062
0.811426
0.811101
0.810675
0.810494
0.809262
0.808065
0.807989
0.807776
0.807715
0.807338
0.805944
0.805912
0.804995
0.804994
0.804725
0.804503
0.80445
0.804448
0.80352
0.80276
0.801102
0.80031
0.80024
0.800124
0.799764
0.798092
0.795795
0.795104
0.795104
0.794774
0.79454
0.794492
0.794119
0.791743
0.79124
0.791086
0.791084
0.78965
0.788702
0.787101
0.785841
0.785684
0.785587
0.785281
0.78375
0.783059
0.781992
0.778585
0.778316
0.777601
0.777386
0.777236
0.776874
0.776353
0.776257
0.776179
0.776058
0.775665
0.77394
0.773624
0.77352
0.773196
0.773082
0.772724
0.772358
0.772008
0.771458
0.771437
0.771272
0.770857
0.770667
0.770046
0.769716
0.769663
0.769291
0.768935
0.768872
0.767924
0.767859
0.767641
0.767577
0.767336
0.766823
0.766012
0.765829
0.765028
0.764609
0.764275
0.76325
0.762277
0.760388
0.759151
0.758547
0.757659
0.756917
0.756869
0.75667
0.755503
0.754967
0.754882
0.754731
0.75432
0.754039
0.753969
0.753939
0.752339
0.75214
0.751274
0.751032
0.749156
0.749054
0.749041
0.748581
0.748365
0.748313
0.746391
0.746098
0.745871
0.745123
0.744677
0.744444
0.74398
0.743916
0.743335
0.743235
0.742351
0.741931
0.741192
0.739924
0.739544
0.73946
0.73931
0.738844
0.736487
0.736338
0.736131
0.735854
0.735417
0.73533
0.734494
0.734411
0.734391
0.733927
0.733861
0.733861
0.732907
0.732675
0.732459
0.732383
0.731233
0.730694
0.730298
0.72995
0.728366
0.726963
0.726409
0.726408
0.726239
0.725023
0.724498
0.723422
0.723276
0.722583
0.722532
0.722218
0.722193
0.721745
0.721103
0.721042
0.720114
0.719966
0.719031
0.718594
0.716518
0.71599
0.71589
0.715889
0.715834
0.715562
0.715513
0.715393
0.715224
0.71478
0.714096
0.713977
0.713491
0.712778
0.71188
0.711876
0.711726
0.7114
0.71126
0.710694
0.709016
0.708171
0.708006
0.70723
0.706944
0.706928
0.706612
0.706347
0.705757
0.705154
0.704474
0.703901
0.70327
0.705497
0.704055
0.704054
0.702285
0.701768
0.701751
0.701099
0.700524
0.700352
0.700149
0.699721
0.697275
0.697236
0.697216
0.696596
0.69657
0.696421
0.696413
0.696317
0.696066
0.695309
0.695267
0.695249
0.695186
0.694892
0.694776
0.693255
0.693037
0.69274
0.692169
0.691922
0.690938
0.688605
0.687546
0.687028
0.686976
0.686548
0.685654
0.684357
0.683915
0.683145
0.682929
0.681863
0.681703
0.681537
0.68042
0.679521
0.678821
0.678477
0.677598
0.67617
0.676145
0.675884
0.675749
0.675739
0.675667
0.675493
0.673784
0.672408
0.672072
0.671631
0.670117
0.669888
0.667984
0.667328
0.666731
0.665981
0.665645
0.663614
0.663494
0.663298
0.663274
0.662943
0.66253
0.661765
0.735697
0.734725
0.734721
0.734689
0.734585
0.734352
0.733306
0.731147
0.731048
0.730313
0.730198
0.72866
0.728619
0.728548
0.728538
0.728487
0.727548
0.727259
0.72599
0.725573
0.725481
0.725221
0.725145
0.724818
0.724501
0.723932
0.722787
0.722784
0.72244
0.722081
0.721292
0.720622
0.719045
0.717317
0.717302
0.716203
0.713332
0.712775
0.712468
0.712124
0.71185
0.711766
0.711621
0.711187
0.711043
0.710997
0.710944
0.710932
0.71063
0.70874
0.708609
0.708444
0.707603
0.706732
0.706688
0.705976
0.704716
0.704103
0.703963
0.703435
0.703232
0.702892
0.702654
0.701977
0.701819
0.701426
0.701222
0.701099
0.700822
0.700475
0.700443
0.700415
0.700372
0.700329
0.700277
0.699006
0.698136
0.698088
0.697939
0.697923
0.69717
0.696953
0.696572
0.696404
0.696256
0.695836
0.695531
0.695118
0.694993
0.69454
0.694433
0.694082
0.694059
0.693799
0.693778
0.693688
0.693305
0.693174
0.692975
0.691195
0.691123
0.691114
0.690293
0.689863
0.689189
0.689158
0.689037
0.688753
0.688445
0.688285
0.687521
0.687356
0.686485
0.68527
0.684777
0.684536
0.683195
0.68292
0.682473
0.681938
0.681803
0.681613
0.681465
0.681242
0.681139
0.680902
0.680845
0.680572
0.68031
0.680115
0.679409
0.679062
0.678169
0.677678
0.676721
0.676434
0.675295
0.675294
0.67488
0.674847
0.673965
0.673764
0.67326
0.672379
0.672316
0.671478
0.669993
0.669437
0.669369
0.669044
0.668109
0.667121
0.666228
0.665665
0.665136
0.664569
0.663582
0.663177
0.662829
0.66247
0.661773
0.661739
0.661662
0.661162
0.659837
0.65895
0.658739
0.658181
0.65815
0.658079
0.657703
0.656933
0.656524
0.655971
0.654572
0.654041
0.652889
0.652185
0.651387
0.650651
0.65054
0.650463
0.650343
0.650285
0.649881
0.648996
0.648948
0.64841
0.647326
0.647326
0.647204
0.646345
0.645875
0.645294
0.645038
0.64483
0.644624
0.643494
0.642799
0.641947
0.641598
0.641302
0.640552
0.640397
0.639738
0.638604
0.638561
0.637731
0.637127
0.636837
0.635704
0.635322
0.634893
0.633926
0.632919
0.631787
0.629475
0.629409
0.628954
0.628153
0.626463
0.624301
0.624268
0.624237
0.623455
0.62326
0.623192
0.622913
0.622742
0.620378
0.619736
0.619264
0.618847
0.618274
0.616607
0.615373
0.614522
0.614444
0.614278
0.614201
0.6142
0.614034
0.613992
0.613835
0.613632
0.612769
0.610632
0.610219
0.609611
0.609584
0.609014
0.608232
0.608162
0.607747
0.607491
0.606314
0.605963
0.605052
0.604869
0.604351
0.60425
0.603473
0.602888
0.601929
0.601094
0.601054
0.601042
0.600701
0.600511
0.600293
0.600181
0.598849
0.597994
0.597974
0.59792
0.597063
0.596453
0.596087
0.595741
0.594672
0.593455
0.592644
0.592046
0.591876
0.591708
0.591303
0.59112
0.590157
0.589987
0.589773
0.589529
0.588902
0.588356
0.588227
0.586744
0.586626
0.586314
0.586067
0.585746
0.585497
0.585381
0.584663
0.584607
0.583901
0.58384
0.58282
0.582401
0.58136
0.580087
0.579993
0.578735
0.578162
0.577921
0.57775
0.577596
0.577491
0.577435
0.576734
0.576683
0.576479
0.575802
0.57536
0.575092
0.575037
0.574585
0.573254
0.572157
0.570881
0.569511
0.568586
0.568335
0.568072
0.567974
0.56759
0.565493
0.565288
0.564951
0.564924
0.564787
0.564652
0.564435
0.564414
0.564281
0.563566
0.563461
0.562908
0.562838
0.562686
0.561726
0.56102
0.560545
0.560531
0.559414
0.558524
0.558272
0.55728
0.55588
0.555411
0.554591
0.554169
0.553992
0.553973
0.553904
0.553654
0.553047
0.551671
0.551491
0.551281
0.550959
0.550117
0.550027
0.549797
0.549538
0.549165
0.548399
0.548351
0.547777
0.546237
0.545937
0.545098
0.544522
0.544498
0.543584
0.543532
0.54301
0.542634
0.542462
0.54179
0.541626
0.541407
0.540369
0.540237
0.539304
0.538964
0.538894
0.538688
0.537924
0.53741
0.537169
0.536965
0.536145
0.535587
0.535155
0.533601
0.533159
0.532519
0.532492
0.532464
0.531982
0.531655
0.530989
0.529074
0.528318
0.527902
0.527568
0.527106
0.525789
0.525734
0.525586
0.525461
0.524862
0.524439
0.524075
0.524074
0.523779
0.523053
0.522692
0.522664
0.52222
0.522101
0.521819
0.521247
0.521195
0.520044
0.519186
0.517536
0.517214
0.515178
0.514714
0.51421
0.513953
0.513896
0.513008
0.512935
0.51207
0.51092
0.509577
0.50933
0.509154
0.5087
0.508161
0.508062
0.507956
0.507657
0.506236
0.505869
0.504825
0.504553
0.504535
0.504217
0.503619
0.503551
0.502838
0.501844
0.501565
0.501468
0.501114
0.501096
0.500924
0.500411
0.499558
0.499281
0.499067
0.49751
0.496095
0.495705
0.495697
0.495601
0.49549
0.495392
0.494857
0.49437
0.494364
0.494128
0.493967
0.493953
0.492683
0.491927
0.491794
0.491436
0.491313
0.490627
0.489898
0.489828
0.489548
0.488917
0.4889
0.48767
0.487518
0.487434
0.486818
0.486694
0.486612
0.486339
0.485893
0.485843
0.4858
0.485448
0.485085
0.485012
0.484286
0.484113
0.484112
0.483433
0.483112
0.482918
0.482878
0.482757
0.482582
0.48258
0.482413
0.481787
0.481733
0.480685
0.480426
0.47968
0.479634
0.479442
0.478592
0.478434
0.477525
0.476748
0.476144
0.475995
0.475644
0.475539
0.475183
0.475031
0.474384
0.474329
0.474327
0.473602
0.473563
0.473009
0.472699
0.471699
0.471426
0.471205
0.471022
0.470936
0.470008
0.469757
0.469397
0.468692
0.468135
0.467557
0.467261
0.467031
0.466921
0.465588
0.465095
0.46467
0.464623
0.46456
0.464211
0.463825
0.463131
0.462708
0.461582
0.461323
0.461188
0.461079
0.460828
0.460682
0.46058
0.460081
0.459904
0.459849
0.458767
0.458624
0.458363
0.457692
0.457052
0.456583
0.456433
0.45643
0.456165
0.456044
0.455975
0.455906
0.455223
0.455173
0.45506
0.454998
0.454987
0.45497
0.454553
0.45393
0.453717
0.453383
0.453355
0.452914
0.452801
0.452316
0.45203
0.45199
0.451678
0.451476
0.451059
0.450974
0.450953
0.450659
0.450505
0.450456
0.450169
0.450169
0.450134
0.449752
0.449535
0.449317
0.449057
0.448581
0.447674
0.447487
0.447192
0.44654
0.44654
0.446519
0.446391
0.445935
0.445596
0.445528
0.44537
0.44531
0.445068
0.444202
0.444078
0.443881
0.443619
0.443248
0.442624
0.441788
0.441359
0.440865
0.44045
0.440314
0.440201
0.439917
0.439794
0.439063
0.439057
0.43856
0.438489
0.43848
0.438424
0.437764
0.437571
0.437254
0.437183
0.436585
0.436173
0.435408
0.434791
0.434016
0.433957
0.433948
0.433604
0.433373
0.433068
0.432348
0.431287
0.430753
0.430751
0.428578
0.428292
0.427961
0.427754
0.427423
0.427344
0.426881
0.425651
0.425633
0.425354
0.425237
0.424859
0.424711
0.42453
0.424351
0.423326
0.423251
0.422145
0.421033
0.42073
0.420669
0.420531
0.420032
0.420001
0.419995
0.419688
0.419435
0.41912
0.418739
0.417836
0.417563
0.417499
0.416867
0.416373
0.415872
0.413818
0.413594
0.41355
0.413492
0.413235
0.412073
0.411154
0.411062
0.411026
0.410679
0.410667
0.410654
0.410086
0.409139
0.408997
0.408922
0.408798
0.408429
0.408158
0.407952
0.407372
0.406824
0.40677
0.405417
0.405343
0.405038
0.404699
0.404519
0.404216
0.404029
0.403973
0.403815
0.403525
0.403421
0.403068
0.401493
0.40141
0.401327
0.401265
0.401049
0.400977
0.400478
0.400348
0.400003
0.399849
0.399832
0.398802
0.398252
0.398214
0.397138
0.396981
0.396835
0.396505
0.396472
0.395986
0.395191
0.39511
0.395103
0.394452
0.393687
0.393598
0.393519
0.393149
0.392981
0.392819
0.392574
0.392228
0.392206
0.391932
0.391723
0.391356
0.3909
0.390886
0.390634
0.390194
0.389978
0.389929
0.389718
0.389085
0.388947
0.388836
0.388327
0.388092
0.387704
0.387095
0.386508
0.385762
0.385251
0.384521
0.384511
0.384339
0.384118
0.383737
0.383203
0.38279
0.382452
0.382296
0.382254
0.382254
0.382037
0.381974
0.381744
0.381597
0.381525
0.381351
0.381146
0.381131
0.381094
0.380581
0.380414
0.380386
0.380277
0.380236
0.379859
0.379729
0.379297
0.379166
0.378555
0.378383
0.377965
0.376593
0.376347
0.376276
0.376024
0.375676
0.375035
0.374634
0.374501
0.374246
0.373961
0.373851
0.373671
0.373529
0.372981
0.372879
0.372718
0.372629
0.372519
0.372403
0.372315
0.371067
0.370802
0.37075
0.370726
0.370715
0.370512
0.370488
0.370346
0.370033
0.369938
0.369871
0.369813
0.369728
0.369643
0.369598
0.369542
0.369145
0.368882
0.368629
0.368393
0.368298
0.366705
0.365869
0.365851
0.365228
0.365088
0.364922
0.364766
0.364646
0.364433
0.364333
0.36381
0.363444
0.363404
0.363326
0.36328
0.362835
0.362677
0.362573
0.36204
0.361882
0.361012
0.36072
0.360423
0.360354
0.360243
0.360204
0.359859
0.359278
0.359209
0.358742
0.357742
0.357242
0.35702
0.356962
0.356612
0.356483
0.356448
0.35622
0.355636
0.355507
0.354755
0.354661
0.354319
0.354145
0.354133
0.354091
0.353943
0.353722
0.353589
0.353458
0.353153
0.353106
0.352356
0.352122
0.351974
0.351561
0.351401
0.351275
0.351272
0.351167
0.35115
0.350939
0.350906
0.350539
0.350284
0.350047
0.347393
0.347306
0.347139
0.346244
0.346242
0.346006
0.345634
0.34562
0.34555
0.34554
0.34497
0.344821
0.344541
0.344538
0.344502
0.344258
0.343832
0.342903
0.342259
0.342207
0.342071
0.341639
0.34144
0.341015
0.340754
0.340668
0.340497
0.340471
0.33968
0.339627
0.338915
0.338885
0.338592
0.33808
0.338036
0.33803
0.337849
0.33784
0.337773
0.337655
0.337583
0.337484
0.337268
0.336955
0.336747
0.335828
0.335607
0.335558
0.335344
0.334194
0.334126
0.3337
0.333403
0.333326
0.333162
0.332167
0.331736
0.331653
0.331402
0.331208
0.331066
0.330845
0.330254
0.329669
0.329216
0.328814
0.328447
0.32827
0.327604
0.326882
0.326756
0.326743
0.326218
0.325779
0.325686
0.324554
0.324227
0.323835
0.323824
0.323694
0.323602
0.323067
0.322993
0.322743
0.322139
0.321708
0.321466
0.321235
0.321006
0.32081
0.320631
0.319905
0.319836
0.31981
0.319766
0.319752
0.319488
0.319267
0.318628
0.318103
0.317591
0.317543
0.317474
0.317347
0.317332
0.317321
0.317255
0.316984
0.316591
0.316455
0.316363
0.316242
0.316175
0.316154
0.315336
0.315148
0.313709
0.31354
0.313228
0.31306
0.312479
0.312407
0.311919
0.311904
0.311801
0.311762
0.31053
0.310156
0.309401
0.308721
0.308647
0.308222
0.307813
0.307514
0.307105
0.306009
0.305546
0.305412
0.305402
0.305289
0.30468
0.312093
0.312057
0.311787
0.311365
0.31118
0.311164
0.31
0.309623
0.309615
0.309196
0.309064
0.308334
0.307904
0.307808
0.307697
0.307518
0.307361
0.307035
0.306517
0.306258
0.306201
0.305661
0.30546
0.305097
0.304822
0.304372
0.304228
0.304168
0.303947
0.303784
0.303391
0.303276
0.303081
0.303014
0.302297
0.301723
0.301711
0.300751
0.30061
0.300377
0.300298
0.300146
0.30008
0.299575
0.299231
0.298374
0.298344
0.298066
0.297982
0.297425
0.296937
0.296908
0.296416
0.296402
0.296371
0.296367
0.295786
0.295763
0.295418
0.295112
0.295097
0.294945
0.294743
0.294719
0.294352
0.294066
0.293727
0.293583
0.293403
0.293389
0.293384
0.293322
0.293241
0.292896
0.292675
0.292665
0.292336
0.292253
0.291984
0.291748
0.291729
0.291702
0.291372
0.291344
0.290755
0.290601
0.290456
0.290449
0.289587
0.289338
0.288742
0.288589
0.288375
0.288092
0.287987
0.287984
0.287788
0.28776
0.287403
0.287262
0.287243
0.287231
0.286969
0.286967
0.286938
0.286778
0.286773
0.286715
0.286479
0.28636
0.286081
0.28588
0.285862
0.285794
0.285751
0.285421
0.285093
0.285014
0.284966
0.284496
0.284422
0.284316
0.284101
0.283691
0.283658
0.283601
0.283131
0.282987
0.282627
0.28253
0.28253
0.282099
0.281958
0.281942
0.281621
0.280893
0.280529
0.280238
0.279643
0.279283
0.279134
0.279072
0.278842
0.278823
0.278768
0.277839
0.27771
0.277631
0.277554
0.277546
0.27746
0.277374
0.277324
0.277174
0.27711
0.277075
0.276748
0.276672
0.276668
0.276667
0.276612
0.276566
0.276442
0.275963
0.275497
0.275418
0.275265
0.274821
0.27481
0.274694
0.274477
0.27441
0.273978
0.273845
0.273619
0.273194
0.273191
0.273137
0.273032
0.272577
0.272196
0.272088
0.271955
0.271874
0.271736
0.271421
0.271357
0.271014
0.270664
0.270592
0.270491
0.27027
0.269767
0.269615
0.268818
0.268709
0.268635
0.268561
0.268528
0.268315
0.268167
0.26816
0.26795
0.267748
0.26768
0.267395
0.267395
0.266757
0.266737
0.266572
0.266571
0.266279
0.266057
0.265957
0.265756
0.265528
0.265459
0.265349
0.264988
0.26439
0.264331
0.264042
0.264026
0.263913
0.263599
0.263159
0.263144
0.262777
0.262586
0.262199
0.261892
0.261859
0.261682
0.261135
0.261099
0.260936
0.260929
0.260472
0.26043
0.260355
0.259835
0.259822
0.259802
0.259791
0.259664
0.25955
0.259364
0.259318
0.259172
0.25905
0.259041
0.258989
0.258851
0.258766
0.258736
0.258605
0.258594
0.258243
0.258233
0.258039
0.257758
0.257554
0.257541
0.257485
0.257149
0.257128
0.257062
0.256928
0.256725
0.25655
0.256534
0.256463
0.256446
0.256022
0.255993
0.25584
0.255291
0.255261
0.255249
0.254914
0.254669
0.25463
0.254572
0.254502
0.25444
0.254028
0.253944
0.253618
0.253539
0.253268
0.253176
0.253128
0.253083
0.252417
0.252379
0.252263
0.252263
0.251888
0.25131
0.250997
0.250657
0.250574
0.250559
0.249844
0.249716
0.249679
0.249376
0.249188
0.24918
0.249062
0.248847
0.248815
0.248762
0.248396
0.248115
0.248062
0.24791
0.247859
0.247778
0.247753
0.247705
0.247609
0.247584
0.24758
0.247568
0.247367
0.247015
0.246853
0.246532
0.246432
0.246324
0.245887
0.245795
0.245718
0.245523
0.245507
0.245068
0.244848
0.244677
0.24464
0.244489
0.244454
0.244441
0.24442
0.244411
0.24403
0.244019
0.243918
0.243912
0.25972
0.259693
0.259401
0.259352
0.259256
0.259172
0.25915
0.259113
0.25862
0.258433
0.258002
0.257959
0.257888
0.257471
0.257466
0.257375
0.257298
0.256923
0.256856
0.256603
0.256514
0.256332
0.256283
0.256259
0.25598
0.255973
0.255291
0.255035
0.255008
0.254942
0.254897
0.254766
0.254675
0.254656
0.254603
0.254356
0.254304
0.254029
0.254004
0.253926
0.253756
0.253534
0.253515
0.253163
0.253126
0.252997
0.252707
0.252446
0.252148
0.252053
0.251949
0.251881
0.251873
0.251784
0.251774
0.251587
0.25136
0.250159
0.250027
0.249781
0.249719
0.249573
0.249554
0.249327
0.249238
0.249184
0.248873
0.248702
0.248431
0.248229
0.248193
0.247778
0.247718
0.247482
0.247444
0.247395
0.247169
0.247169
0.246669
0.24635
0.246215
0.246112
0.245949
0.24585
0.245753
0.245688
0.24547
0.245452
0.245308
0.245106
0.245013
0.244979
0.244935
0.244919
0.244894
0.244802
0.244433
0.24435
0.244175
0.244175
0.244165
0.243948
0.243905
0.243788
0.243709
0.243699
0.243677
0.243377
0.243352
0.243006
0.242713
0.242329
0.24232
0.24131
0.241188
0.240915
0.240621
0.24057
0.240214
0.239874
0.239312
0.23919
0.23882
0.238675
0.238579
0.23815
0.238124
0.237994
0.237935
0.237923
0.237461
0.23727
0.23721
0.237156
0.236978
0.236867
0.236506
0.236466
0.23637
0.236316
0.236179
0.236179
0.235994
0.235847
0.235818
0.235533
0.235525
0.235346
0.23519
0.23487
0.234853
0.234774
0.234398
0.234048
0.23396
0.233636
0.233475
0.233348
0.233145
0.232782
0.232707
0.232675
0.232626
0.232553
0.232452
0.232339
0.232283
0.232266
0.232081
0.23202
0.232004
0.231938
0.231836
0.231766
0.231391
0.23138
0.230895
0.230828
0.230713
0.230455
0.230251
0.230088
0.230069
0.230047
0.229991
0.229879
0.229844
0.229596
0.229589
0.229564
0.229422
0.229409
0.229195
0.22901
0.228961
0.228897
0.228739
0.228736
0.228548
0.228201
0.227928
0.227878
0.227842
0.227721
0.227569
0.227528
0.227414
0.227361
0.227245
0.227221
0.227149
0.227064
0.227024
0.226946
0.22668
0.226677
0.226367
0.226197
0.226043
0.225902
0.225677
0.225651
0.225575
0.225381
0.225211
0.225051
0.224889
0.2248
0.224552
0.22428
0.224259
0.224214
0.224164
0.224035
0.223958
0.22393
0.223902
0.223643
0.22364
0.223527
0.223426
0.222867
0.222821
0.222692
0.222637
0.222392
0.222229
0.222175
0.221976
0.221599
0.221589
0.221341
0.221073
0.220872
0.220861
0.220829
0.220571
0.219928
0.219732
0.219606
0.219326
0.219015
0.218857
0.218825
0.218814
0.218734
0.218639
0.218526
0.217983
0.217975
0.217733
0.217671
0.217671
0.217604
0.217564
0.217156
0.216899
0.216875
0.216757
0.216753
0.216719
0.216626
0.216539
0.216471
0.215904
0.215869
0.215655
0.215557
0.215554
0.215397
0.214693
0.21442
0.214418
0.213952
0.213882
0.213499
0.213291
0.213189
0.21311
0.213108
0.213083
0.212866
0.212797
0.212773
0.21264
0.212608
0.212523
0.212474
0.212211
0.212083
0.212004
0.211901
0.21188
0.211547
0.211457
0.211438
0.21107
0.211064
0.210968
0.210904
0.210901
0.210842
0.210803
0.210596
0.21058
0.210493
0.210207
0.210174
0.209822
0.209809
0.209625
0.209586
0.209525
0.209437
0.20929
0.208906
0.208636
0.208574
0.208546
0.208391
0.20811
0.207658
0.207476
0.207437
0.207355
0.20723
0.207186
0.207047
0.206827
0.206797
0.206757
0.206699
0.206644
0.206604
0.206498
0.206495
0.20645
0.206423
0.206244
0.206132
0.205955
0.205803
0.205631
0.205341
0.205296
0.205115
0.205056
0.204899
0.204883
0.204787
0.204497
0.204465
0.204427
0.204383
0.204357
0.204272
0.204183
0.204144
0.204069
0.204015
0.20396
0.203797
0.203694
0.203306
0.203232
0.203186
0.203139
0.203094
0.203016
0.203005
0.202926
0.202671
0.202475
0.20235
0.202273
0.202266
0.202115
0.201843
0.201792
0.20175
0.201533
0.201506
0.201422
0.201379
0.201174
0.200868
0.200678
0.200623
0.200525
0.200477
0.200343
0.200322
0.200311
0.200308
0.200287
0.200262
0.200102
0.199893
0.199683
0.199677
0.199644
0.199576
0.19947
0.199428
0.199329
0.199026
0.1988
0.198323
0.198268
0.198227
0.198084
0.197875
0.197834
0.197766
0.197648
0.197432
0.19728
0.196918
0.196907
0.19679
0.196738
0.19667
0.196654
0.196593
0.196514
0.196484
0.196477
0.195956
0.195913
0.195821
0.195588
0.195511
0.195495
0.195295
0.195115
0.194966
0.194927
0.194704
0.194536
0.194444
0.194427
0.194311
0.194157
0.194037
0.193958
0.193745
0.193744
0.193744
0.19355
0.19355
0.193463
0.193384
0.193377
0.193216
0.193196
0.193192
0.193168
0.193046
0.192553
0.192541
0.192317
0.192218
0.192121
0.192112
0.192103
0.192002
0.191781
0.191704
0.19164
0.191622
0.191563
0.191503
0.191411
0.191278
0.191205
0.191092
0.19083
0.190823
0.190422
0.190404
0.190309
0.190217
0.190215
0.19012
0.189724
0.189476
0.189469
0.189294
0.189146
0.189139
0.18912
0.189104
0.18903
0.188973
0.188649
0.188558
0.188334
0.188233
0.188143
0.188104
0.188056
0.188051
0.188038
0.18803
0.187648
0.187385
0.187322
0.187233
0.187053
0.187025
0.186905
0.186808
0.186703
0.186634
0.186619
0.186518
0.186368
0.186313
0.186311
0.186072
0.185888
0.185874
0.185692
0.185584
0.185572
0.185539
0.18552
0.185459
0.185415
0.185378
0.185332
0.185241
0.185153
0.18515
0.184788
0.184725
0.184688
0.184597
0.184522
0.184413
0.184314
0.184247
0.184087
0.18403
0.183853
0.183848
0.183829
0.18366
0.183645
0.183637
0.183637
0.183577
0.183483
0.18337
0.183363
0.183355
0.183338
0.183152
0.183079
0.182997
0.182827
0.182774
0.182736
0.182443
0.182328
0.182306
0.182235
0.182222
0.182169
0.182161
0.18199
0.181913
0.181713
0.181654
0.181557
0.181425
0.18136
0.18129
0.181245
0.18123
0.181011
0.180887
0.180883
0.180801
0.180749
0.180697
0.180627
0.18056
0.180433
0.180365
0.180311
0.180276
0.180233
0.180069
0.179975
0.179902
0.179799
0.179388
0.179268
0.179241
0.179088
0.17904
0.179033
0.178907
0.178859
0.17883
0.178672
0.178582
0.178573
0.178394
0.178281
0.178215
0.178177
0.17804
0.17804
0.177882
0.177795
0.177727
0.177639
0.177568
0.177449
0.177409
0.177226
0.177173
0.177158
0.177139
0.177113
0.176922
0.176896
0.17688
0.176877
0.176658
0.176553
0.176536
0.176481
0.176246
0.176077
0.17605
0.176022
0.175998
0.175987
0.175903
0.175856
0.175819
0.175804
0.17577
0.175763
0.175731
0.175579
0.175478
0.175473
0.175321
0.175291
0.175211
0.175152
0.174887
0.174747
0.174607
0.174408
0.17431
0.174309
0.174217
0.174136
0.174126
0.174116
0.174021
0.173805
0.173791
0.173702
0.1737
0.173668
0.173625
0.173361
0.173093
0.173081
0.173055
0.17294
0.17281
0.172745
0.172709
0.172642
0.17263
0.172616
0.172583
0.172558
0.172546
0.172538
0.172392
0.172304
0.172167
0.172167
0.172
0.171958
0.171952
0.171918
0.171728
0.171633
0.171551
0.171529
0.171378
0.171156
0.171067
0.170977
0.17093
0.170911
0.170851
0.170788
0.170759
0.170754
0.170707
0.170583
0.170435
0.170118
0.170097
0.169895
0.169892
0.169792
0.1696
0.1696
0.169596
0.169592
0.169584
0.169563
0.169514
0.169391
0.169361
0.169196
0.169082
0.169016
0.16899
0.16896
0.168952
0.168863
0.168685
0.168615
0.16858
0.168325
0.168318
0.168165
0.168146
0.167976
0.167898
0.167792
0.167748
0.167667
0.167618
0.1676
0.167542
0.167467
0.167419
0.167176
0.16706
0.167007
0.166834
0.166749
0.166277
0.166238
0.166075
0.165677
0.165674
0.165663
0.165627
0.165413
0.165391
0.165376
0.16534
0.165322
0.165297
0.165277
0.165232
0.165205
0.165198
0.165162
0.165107
0.165017
0.164796
0.16469
0.164552
0.163994
0.16397
0.163883
0.163881
0.163831
0.163671
0.163622
0.163593
0.163579
0.163352
0.163236
0.163185
0.16312
0.162998
0.162967
0.162934
0.162664
0.162612
0.162592
0.162513
0.162359
0.162223
0.162197
0.161818
0.161762
0.161701
0.161658
0.161623
0.161614
0.161605
0.161528
0.161409
0.16135
0.16134
0.161326
0.161256
0.161219
0.161183
0.161173
0.161121
0.161083
0.160981
0.160871
0.160857
0.160821
0.16075
0.160714
0.160681
0.160652
0.160389
0.160283
0.160241
0.160181
0.160174
0.160083
0.160076
0.160043
0.160024
0.159912
0.159876
0.159872
0.159855
0.159815
0.159752
0.15974
0.159682
0.159662
0.159636
0.159531
0.159471
0.159359
0.159275
0.159265
0.159253
0.159212
0.159155
0.158904
0.158766
0.158748
0.158601
0.158586
0.158528
0.158511
0.158507
0.15844
0.158356
0.158283
0.158106
0.15792
0.157735
0.157656
0.157602
0.157571
0.157445
0.157282
0.156993
0.156958
0.156928
0.156878
0.156635
0.156625
0.15661
0.156521
0.156453
0.156358
0.156302
0.1563
0.156256
0.156228
0.156173
0.156133
0.156128
0.156086
0.156076
0.155901
0.155702
0.155658
0.155577
0.15555
0.155349
0.155245
0.155162
0.155161
0.15514
0.155114
0.154937
0.154934
0.154925
0.15478
0.154559
0.154347
0.154337
0.154308
0.15421
0.154126
0.154055
0.153959
0.153925
0.153886
0.15385
0.153793
0.153771
0.153771
0.153673
0.153528
0.153507
0.153487
0.153481
0.153397
0.153321
0.153189
0.153187
0.153134
0.153091
0.152912
0.152848
0.15237
0.152363
0.152013
0.15198
0.151945
0.151907
0.151866
0.151795
0.151619
0.151555
0.151452
0.151445
0.151364
0.151167
0.150932
0.150724
0.15051
0.150466
0.150448
0.150418
0.150376
0.150349
0.150328
0.150104
0.150044
0.149824
0.149699
0.149641
0.149641
0.149604
0.149489
0.14934
0.149284
0.14928
0.149241
0.149165
0.148969
0.14896
0.148925
0.148911
0.148858
0.148847
0.14882
0.148809
0.148783
0.14875
0.148738
0.148472
0.148428
0.148394
0.148233
0.14823
0.148164
0.148156
0.148153
0.148108
0.148015
0.148008
0.147942
0.147929
0.147911
0.147898
0.147779
0.147711
0.147636
0.147636
0.147534
0.147534
0.147444
0.147418
0.147412
0.147341
0.147303
0.147136
0.147083
0.147082
0.146986
0.146957
0.146764
0.14668
0.146627
0.1466
0.146542
0.146499
0.146375
0.146324
0.146146
0.146104
0.146062
0.145971
0.145895
0.14589
0.14585
0.145828
0.145674
0.145579
0.14816
0.148152
0.148144
0.148087
0.147981
0.14798
0.147944
0.14779
0.14774
0.147726
0.14772
0.147715
0.147686
0.147516
0.14747
0.147469
0.147461
0.147454
0.147357
0.147319
0.147234
0.147202
0.147145
0.146968
0.146944
0.146888
0.146887
0.146816
0.14676
0.146662
0.146565
0.146404
0.146339
0.146325
0.146304
0.146214
0.146187
0.146185
0.146132
0.145992
0.145799
0.145786
0.145759
0.145726
0.145719
0.145638
0.145549
0.145485
0.145465
0.145453
0.145448
0.145416
0.145355
0.145325
0.145218
0.145197
0.145118
0.145107
0.145107
0.145087
0.144986
0.144969
0.144967
0.14496
0.144926
0.144852
0.144492
0.144466
0.144446
0.14444
0.144416
0.144416
0.144378
0.144308
0.144288
0.144203
0.144165
0.144164
0.14415
0.144136
0.144112
0.144064
0.14402
0.143943
0.143921
0.143916
0.14383
0.143822
0.143768
0.143757
0.143714
0.143599
0.143533
0.143514
0.143317
0.143303
0.143267
0.143263
0.143254
0.143246
0.143121
0.143041
0.143014
0.142907
0.142661
0.142617
0.142586
0.142501
0.142414
0.142414
0.142399
0.142392
0.14236
0.142331
0.142325
0.142304
0.142277
0.142142
0.142127
0.14206
0.142024
0.141888
0.141856
0.141836
0.141791
0.141782
0.141769
0.141716
0.141607
0.141597
0.14153
0.141523
0.141313
0.141123
0.141095
0.14105
0.141023
0.140925
0.140859
0.14085
0.140843
0.14084
0.140834
0.140807
0.140763
0.140734
0.140728
0.140723
0.140708
0.140682
0.140659
0.140502
0.14046
0.140433
0.140396
0.14039
0.14023
0.140223
0.140205
0.140159
0.140149
0.140143
0.14013
0.140123
0.140053
0.140018
0.139847
0.139834
0.139797
0.139778
0.139751
0.139612
0.139443
0.139318
0.13929
0.139194
0.139094
0.139094
0.139089
0.139039
0.139014
0.138953
0.138864
0.138848
0.138791
0.138732
0.138721
0.138711
0.138688
0.138688
0.138521
0.138389
0.138378
0.138273
0.138268
0.138213
0.138115
0.138089
0.138078
0.138048
0.137985
0.137951
0.1379
0.137876
0.137857
0.137783
0.13778
0.137693
0.137644
0.137612
0.13759
0.13755
0.137547
0.137545
0.13754
0.137505
0.137495
0.137479
0.137443
0.137401
0.137369
0.137341
0.137324
0.137324
0.137269
0.137237
0.13723
0.13719
0.137188
0.137146
0.137134
0.137131
0.13711
0.137066
0.13705
0.137038
0.137038
0.137002
0.137
0.136875
0.136867
0.13669
0.136687
0.136601
0.136593
0.136555
0.136555
0.136522
0.136474
0.136426
0.136413
0.136406
0.136346
0.136287
0.136272
0.136233
0.136229
0.136197
0.136183
0.136147
0.136127
0.136121
0.136092
0.135916
0.135893
0.135854
0.135841
0.135813
0.135743
0.135725
0.135701
0.135697
0.135651
0.13565
0.135576
0.135536
0.135525
0.135498
0.135484
0.135468
0.135465
0.135399
0.135314
0.135312
0.135309
0.135248
0.135215
0.135184
0.135112
0.135107
0.135073
0.135026
0.134898
0.134855
0.134854
0.134836
0.134827
0.134789
0.134781
0.134766
0.134727
0.134725
0.13471
0.13469
0.134652
0.134561
0.134524
0.134523
0.134363
0.134308
0.134302
0.134284
0.134261
0.134223
0.13421
0.134164
0.134141
0.134138
0.134138
0.134124
0.134119
0.134081
0.134056
0.134048
0.133995
0.133982
0.133761
0.133727
0.133678
0.133642
0.133573
0.133532
0.133409
0.133359
0.133349
0.133316
0.133234
0.133211
0.133138
0.133123
0.133111
0.133061
0.133059
0.133035
0.133
0.132993
0.132991
0.132935
0.13293
0.132908
0.132899
0.132889
0.132867
0.132848
0.132814
0.132775
0.132751
0.132737
0.132712
0.132699
0.132649
0.132621
0.13262
0.132581
0.132569
0.132458
0.13244
0.132398
0.132294
0.132271
0.132261
0.132259
0.132243
0.132141
0.132134
0.132101
0.132071
0.132016
0.132007
0.131908
0.13184
0.131818
0.131792
0.131683
0.131669
0.1316
0.131579
0.131566
0.13156
0.131488
0.131452
0.131451
0.131442
0.131423
0.131411
0.131368
0.13134
0.131313
0.131225
0.131215
0.131204
0.131131
0.13112
0.131091
0.131074
0.130992
0.130989
0.130987
0.130967
0.130919
0.130885
0.130858
0.130788
0.130694
0.130677
0.130645
0.130631
0.130553
0.130525
0.130502
0.130424
0.130414
0.130401
0.130196
0.13019
0.130175
0.130121
0.130042
0.129836
0.129786
0.129733
0.129727
0.129719
0.1297
0.129696
0.129652
0.129639
0.129611
0.129603
0.129555
0.12955
0.129531
0.129522
0.129478
0.129427
0.1294
0.129399
0.129373
0.12937
0.129359
0.129317
0.129272
0.129271
0.129257
0.129218
0.129199
0.12919
0.12912
0.129116
0.1291
0.129042
0.129031
0.129004
0.128978
0.12897
0.128944
0.128939
0.128876
0.128864
0.128852
0.128815
0.12877
0.128731
0.128719
0.128718
0.128713
0.128698
0.128671
0.128657
0.128597
0.128593
0.128593
0.12856
0.128493
0.128465
0.128462
0.128457
0.128444
0.128419
0.128395
0.128383
0.128361
0.128339
0.12832
0.128299
0.128292
0.12828
0.128273
0.128234
0.128186
0.128175
0.128157
0.128123
0.128094
0.128021
0.127988
0.127968
0.127958
0.12795
0.127946
0.127921
0.127895
0.127868
0.127816
0.127793
0.127763
0.12775
0.127693
0.127693
0.127619
0.1276
0.127598
0.127538
0.127486
0.12745
0.127429
0.127412
0.12741
0.127378
0.127376
0.127355
0.127251
0.12721
0.127204
0.1272
0.127194
0.127155
0.127142
0.127134
0.127095
0.127086
0.127075
0.127072
0.127071
0.127048
0.126995
0.126989
0.126759
0.126676
0.126647
0.126585
0.126544
0.12654
0.126537
0.126536
0.126454
0.126422
0.126413
0.126263
0.126235
0.126227
0.126155
0.1261
0.126056
0.126052
0.125996
0.125972
0.125963
0.125946
0.125917
0.125872
0.12587
0.125863
0.125846
0.125839
0.125839
0.125832
0.125725
0.125715
0.125706
0.125647
0.12556
0.125522
0.125518
0.125506
0.125471
0.125447
0.125432
0.125411
0.125407
0.125349
0.125277
0.125253
0.125219
0.125209
0.125045
0.125037
0.125017
0.125005
0.124999
0.124982
0.124931
0.124831
0.124801
0.124722
0.124707
0.124655
0.124645
0.124575
0.124553
0.12453
0.124405
0.124374
0.124284
0.124247
0.124223
0.124212
0.12413
0.124099
0.123994
0.123977
0.12397
0.123964
0.123936
0.123914
0.123907
0.12384
0.123803
0.123787
0.123729
0.123711
0.123704
0.1237
0.123652
0.123585
0.123543
0.12352
0.123511
0.123483
0.123472
0.123407
0.123389
0.12332
0.123302
0.123214
0.123163
0.123154
0.123139
0.123134
0.123085
0.123085
0.123072
0.123059
0.123053
0.123053
0.123047
0.122995
0.122912
0.122911
0.122899
0.122897
0.122883
0.122795
0.122772
0.122751
0.122694
0.122694
0.12269
0.122668
0.122664
0.12266
0.122643
0.122632
0.122627
0.122574
0.122571
0.122504
0.122485
0.122472
0.122445
0.122355
0.122323
0.122314
0.122279
0.12227
0.12227
0.122266
0.122239
0.122237
0.122237
0.122219
0.122213
0.122196
0.122106
0.12208
0.122068
0.122064
0.122061
0.122041
0.12199
0.121973
0.121957
0.121836
0.121736
0.121703
0.121703
0.12165
0.121563
0.12156
0.121515
0.121512
0.121507
0.121491
0.121475
0.121455
0.121447
0.121441
0.12143
0.121401
0.121372
0.121346
0.121323
0.121322
0.121283
0.121262
0.121251
0.121221
0.121212
0.1212
0.121159
0.121155
0.121151
0.121116
0.121102
0.12104
0.121028
0.121023
0.12102
0.120964
0.120896
0.120891
0.120801
0.120731
0.1207
0.120694
0.120678
0.120678
0.120659
0.120632
0.120607
0.120554
0.120502
0.120496
0.120477
0.120434
0.120407
0.120402
0.120356
0.120347
0.120341
0.120337
0.120322
0.12032
0.120206
0.120167
0.120087
0.120069
0.120041
0.120036
0.120036
0.120005
0.120001
0.120001
0.119919
0.119914
0.119838
0.119796
0.119795
0.119795
0.119769
0.119756
0.119743
0.119743
0.119715
0.119693
0.119649
0.119646
0.119642
0.119576
0.119546
0.119545
0.119539
0.119536
0.119465
0.119461
0.119452
0.119395
0.119389
0.119347
0.119304
0.119281
0.119135
0.119118
0.119059
0.11901
0.118976
0.118966
0.118946
0.118927
0.118921
0.118919
0.118906
0.11882
0.118805
0.118796
0.118789
0.118775
0.118768
0.118766
0.118766
0.118742
0.118682
0.118682
0.11868
0.118676
0.118669
0.118655
0.118632
0.118627
0.118612
0.118578
0.118574
0.118554
0.118504
0.118498
0.118477
0.118468
0.118452
0.118438
0.118432
0.118394
0.118341
0.118336
0.118324
0.118291
0.118272
0.118263
0.118261
0.118248
0.118232
0.118214
0.118181
0.118156
0.118089
0.118086
0.118064
0.118063
0.118054
0.11804
0.118035
0.118035
0.118034
0.118014
0.11793
0.117929
0.117896
0.117889
0.117801
0.117799
0.117727
0.117662
0.117632
0.117588
0.117584
0.117557
0.117528
0.117473
0.117472
0.117461
0.11745
0.117414
0.11739
0.117378
0.117346
0.117322
0.117297
0.117276
0.117212
0.117166
0.117086
0.117081
0.117003
0.116995
0.116951
0.116932
0.116912
0.116894
0.116857
0.116811
0.116802
0.116786
0.116781
0.116748
0.116739
0.116727
0.116692
0.116663
0.11666
0.116639
0.116639
0.116599
0.116558
0.116553
0.116505
0.116477
0.11638
0.116367
0.116357
0.116346
0.116335
0.116263
0.116262
0.116241
0.116162
0.116142
0.116103
0.11609
0.116056
0.116055
0.116046
0.11602
0.115996
0.115992
0.115978
0.115977
0.115898
0.115841
0.11583
0.115808
0.115801
0.115796
0.115795
0.115733
0.115733
0.115717
0.115714
0.115705
0.115704
0.115681
0.115659
0.115596
0.115555
0.115537
0.115537
0.115509
0.115505
0.115502
0.115483
0.115477
0.115477
0.115475
0.115474
0.115471
0.115464
0.115406
0.115396
0.11539
0.115369
0.115357
0.115348
0.115346
0.115327
0.115318
0.115286
0.115253
0.115213
0.115197
0.115197
0.115128
0.115114
0.115097
0.115086
0.115068
0.114979
0.114967
0.114963
0.114925
0.114882
0.114822
0.114811
0.114799
0.114791
0.114779
0.114775
0.114769
0.114753
0.114724
0.114709
0.114683
0.11466
0.114614
0.11461
0.114594
0.114588
0.114588
0.114573
0.114565
0.114539
0.114527
0.114509
0.114484
0.114439
0.11443
0.114421
0.114419
0.114414
0.114409
0.114399
0.11438
0.114371
0.114356
0.114349
0.114347
0.114323
0.114319
0.114313
0.114304
0.114301
0.114282
0.114222
0.114176
0.114167
0.114119
0.114086
0.114078
0.114072
0.114056
0.114044
0.114038
0.113977
0.113948
0.113944
0.113923
0.113914
0.113886
0.113881
0.113852
0.11385
0.113821
0.113743
0.113731
0.113729
0.11372
0.113692
0.113669
0.113667
0.113664
0.113651
0.113624
0.113621
0.113613
0.113605
0.113591
0.113588
0.113548
0.113546
0.113509
0.113474
0.113427
0.113426
0.113417
0.113379
0.113369
0.11336
0.113355
0.113347
0.113333
0.113323
0.113295
0.113281
0.113266
0.113266
0.113263
0.113235
0.113231
0.113207
0.113184
0.113182
0.113149
0.113084
0.113081
0.113062
0.113058
0.113049
0.113036
0.112996
0.112984
0.112972
0.112951
0.11295
0.112902
0.112899
0.112898
0.112882
0.11287
0.112864
0.112856
0.112853
0.112848
0.112829
0.112813
0.112791
0.112788
0.112777
0.112771
0.112758
0.112757
0.112742
0.112711
0.112694
0.112676
0.11267
0.112648
0.112647
0.112637
0.112603
0.112602
0.112598
0.112596
0.112594
0.11257
0.112559
0.112537
0.112489
0.112487
0.11247
0.112424
0.112411
0.112405
0.112394
0.112374
0.112374
0.112364
0.112363
0.112328
0.112315
0.112313
0.112286
0.112259
0.112232
0.112217
0.11218
0.112176
0.112163
0.112125
0.112095
0.112087
0.112083
0.112061
0.112059
0.112055
0.112007
0.112
0.111974
0.111953
0.111948
0.111948
0.111938
0.111937
0.111927
0.111918
0.11191
0.111898
0.111893
0.111884
0.111871
0.111867
0.111862
0.11184
0.111839
0.111823
0.111818
0.111765
0.111725
0.111712
0.111697
0.111668
0.111653
0.111648
0.111591
0.111583
0.111582
0.111562
0.111496
0.111492
0.111482
0.111464
0.111435
0.111397
0.111391
0.111388
0.111376
0.111365
0.111361
0.111351
0.111347
0.111322
0.111313
0.111301
0.111272
0.111246
0.111224
0.111189
0.111183
0.111182
0.111153
0.111145
0.111135
0.111132
0.111113
0.111096
0.111096
0.11108
0.111071
0.111066
0.111036
0.111036
0.11103
0.111027
0.111015
0.111014
0.111012
0.110994
0.110976
0.110963
0.11095
0.110944
0.110937
0.110912
0.110874
0.11086
0.110817
0.110775
0.110772
0.110755
0.110752
0.110743
0.110735
0.110716
0.110685
0.110613
0.110585
0.110584
0.110578
0.110555
0.110547
0.110537
0.11052
0.110513
0.110478
0.110477
0.11047
0.110457
0.110455
0.110439
0.110439
0.110437
0.110436
0.110436
0.110435
0.110421
0.110344
0.110342
0.110341
0.110339
0.11032
0.11031
0.110309
0.110308
0.110298
0.11028
0.110279
0.110277
0.110259
0.110254
0.110253
0.110229
0.110229
0.110228
0.110218
0.110214
0.110204
0.110195
0.110192
0.110157
0.110152
0.110151
0.110148
0.110143
0.110141
0.110134
0.110123
0.110104
0.110104
0.110099
0.110085
0.110076
0.110071
0.110065
0.110062
0.110046
0.110041
0.110022
0.110018
0.110002
0.11
0.109983
0.10997
0.109919
0.109914
0.109905
0.109899
0.109856
0.109842
0.109829
0.109826
0.10979
0.109758
0.109743
0.109743
0.10971
0.109708
0.109708
0.109703
0.1097
0.109691
0.109684
0.109679
0.109636
0.109634
0.109613
0.109605
0.109581
0.10952
0.109516
0.109509
0.109494
0.109471
0.109451
0.109442
0.109402
0.10939
0.109385
0.10938
0.109344
0.109337
0.109332
0.10932
0.109311
0.10931
0.109305
0.109303
0.109272
0.10927
0.109236
0.109222
0.10922
0.109215
0.109211
0.109178
0.109152
0.10915
0.10915
0.109147
0.109133
0.109125
0.109097
0.109088
0.109057
0.109046
0.109043
0.109027
0.109001
0.108987
0.108981
0.10898
0.108947
0.108939
0.108908
0.1089
0.10889
0.108883
0.108877
0.108876
0.108869
0.10885
0.10884
0.108808
0.10879
0.108788
0.10876
0.108754
0.108752
0.108686
0.108668
0.108636
0.108618
0.108618
0.108609
0.108598
0.108594
0.108594
0.108569
0.108568
0.108564
0.108564
0.108562
0.108555
0.108542
0.10854
0.108538
0.108538
0.108522
0.108476
0.108465
0.108463
0.108457
0.108457
0.108456
0.108452
0.108433
0.108422
0.108412
0.108409
0.108404
0.1084
0.108375
0.108367
0.108332
0.108316
0.108312
0.10831
0.10831
0.108304
0.108287
0.108269
0.108268
0.108259
0.108242
0.108241
0.108211
0.10821
0.108201
0.108196
0.108191
0.108184
0.108166
0.108148
0.108132
0.108127
0.10811
0.108106
0.108098
0.108091
0.108052
0.10804
0.108039
0.10801
0.108004
0.107996
0.107978
0.107977
0.107975
0.107972
0.107952
0.10792
0.107909
0.107894
0.107893
0.107882
0.107878
0.107875
0.107868
0.107864
0.107857
0.10784
0.107831
0.107831
0.107828
0.107827
0.107801
0.107794
0.107756
0.107745
0.107743
0.107719
0.107691
0.107682
0.107679
0.107673
0.10766
0.107629
0.107623
0.107619
0.107606
0.107564
0.107556
0.107552
0.10755
0.107542
0.107535
0.107533
0.107518
0.107511
0.107509
0.107503
0.107501
0.107499
0.107498
0.107488
0.107483
0.10748
0.107478
0.107473
0.107455
0.107454
0.107438
0.107428
0.107418
0.1074
0.107396
0.107396
0.107389
0.107374
0.107369
0.107364
0.10734
0.107335
0.107334
0.107332
0.107316
0.107298
0.107294
0.10728
0.107274
0.10727
0.107266
0.107261
0.10726
0.107241
0.107224
0.107211
0.107203
0.107184
0.107172
0.107168
0.107162
0.107161
0.107158
0.107154
0.107145
0.107143
0.107116
0.107113
0.107098
0.107058
0.107054
0.107034
0.107033
0.107015
0.107014
0.106989
0.106976
0.106974
0.106973
0.106972
0.106966
0.10696
0.106952
0.10695
0.106942
0.10694
0.106937
0.106915
0.106914
0.106904
0.106885
0.106885
0.106868
0.106864
0.106853
0.106823
0.106817
0.106817
0.106813
0.106802
0.106801
0.106797
0.106787
0.106786
0.106779
0.106778
0.106776
0.106763
0.106757
0.106753
0.10675
0.106739
0.106732
0.10672
0.106692
0.106683
0.106659
0.106658
0.106654
0.106651
0.106607
0.106588
0.106582
0.106576
0.106572
0.106548
0.106527
0.106522
0.106522
0.106513
0.106502
0.106502
0.106486
0.106483
0.106478
0.106476
0.106475
0.106459
0.106445
0.106445
0.106442
0.106442
0.106422
0.106418
0.1064
0.106396
0.106391
0.106378
0.106363
0.106356
0.106349
0.106347
0.10633
0.106327
0.106327
0.106326
0.106296
0.106277
0.106274
0.10627
0.106259
0.106246
0.106234
0.106234
0.106233
0.106208
0.106193
0.106193
0.106169
0.10616
0.10615
0.106146
0.106122
0.10612
0.106116
0.106115
0.106113
0.10611
0.106104
0.106098
0.10608
0.106045
0.106043
0.106031
0.106029
0.106016
0.106014
0.106011
0.106002
0.106002
0.105986
0.10598
0.105973
0.105967
0.105954
0.105944
0.105941
0.105934
0.105934
0.105933
0.105929
0.105921
0.105885
0.105884
0.105883
0.105872
0.105858
0.105825
0.105818
0.105816
0.10579
0.105784
0.105779
0.105759
0.105754
0.105753
0.105749
0.105741
0.105741
0.105736
0.105729
0.105729
0.10571
0.105707
0.105706
0.105705
0.105687
0.10568
0.105669
0.10565
0.105641
0.105632
0.105631
0.105626
0.105625
0.105607
0.105605
0.105604
0.105596
0.105596
0.105585
0.105584
0.105581
0.10558
0.105562
0.105558
0.105556
0.105547
0.105545
0.105543
0.105537
0.105535
0.105531
0.105512
0.105509
0.1055
0.105498
0.105495
0.105495
0.105493
0.105478
0.105474
0.105467
0.105462
0.105461
0.105461
0.105458
0.105457
0.105447
0.105434
0.105425
0.105413
0.105385
0.105383
0.10538
0.105375
0.105375
0.105357
0.105357
0.105318
0.105312
0.105309
0.105308
0.1053
0.105288
0.105286
0.105284
0.105284
0.105274
0.10526
0.105259
0.105257
0.105249
0.105248
0.10524
0.105238
0.105214
0.105211
0.105207
0.105204
0.105204
0.105201
0.105199
0.105199
0.105198
0.105196
0.105178
0.105161
0.105149
0.105147
0.105145
0.105135
0.105104
0.105077
0.105073
0.105071
0.105065
0.105041
0.105038
0.105032
0.105028
0.105021
0.105009
0.104996
0.104991
0.104988
0.104969
0.104968
0.104958
0.104942
0.104941
0.104939
0.104928
0.104926
0.104917
0.104914
0.104913
0.104903
0.104902
0.104902
0.104883
0.104876
0.104862
0.104859
0.104852
0.104826
0.104819
0.104811
0.104806
0.104801
0.1048
0.104782
0.104767
0.104762
0.104761
0.104761
0.10476
0.104752
0.104738
0.104717
0.104708
0.104705
0.104701
0.104696
0.104689
0.104684
0.10468
0.104676
0.104674
0.104673
0.104664
0.104658
0.104658
0.104656
0.104619
0.104618
0.104613
0.104607
0.104605
0.104602
0.104591
0.104576
0.104563
0.104552
0.104549
0.104544
0.104542
0.104536
0.104524
0.104519
0.104515
0.104511
0.104507
0.104505
0.104505
0.104483
0.104478
0.104477
0.104472
0.104467
0.104456
0.104449
0.104419
0.104415
0.104413
0.104401
0.104389
0.104387
0.104386
0.104376
0.104365
0.104356
0.104354
0.104352
0.104348
0.104348
0.104336
0.104335
0.104332
0.104328
0.104322
0.104313
0.104309
0.104296
0.104288
0.104288
0.104283
0.104264
0.104258
0.104255
0.104255
0.10422
0.104209
0.104206
0.104204
0.104199
0.104199
0.104194
0.104177
0.104174
0.104172
0.10416
0.104159
0.104154
0.104151
0.104148
0.104123
0.10412
0.10412
0.104109
0.104106
0.104101
0.104098
0.104088
0.104082
0.104056
0.104045
0.104035
0.104033
0.104027
0.104024
0.104005
0.104
0.103992
0.103989
0.103988
0.103986
0.103982
0.103982
0.103976
0.10397
0.103969
0.103963
0.103954
0.103952
0.103952
0.103949
0.103942
0.103937
0.103933
0.103931
0.103927
0.103914
0.103899
0.103886
0.103884
0.10388
0.10387
0.10385
0.103847
0.103845
0.103844
0.103844
0.103828
0.103812
0.103808
0.103807
0.103801
0.103796
0.103792
0.103786
0.103785
0.103763
0.103761
0.10376
0.103759
0.103757
0.10375
0.103745
0.10374
0.10374
0.103737
0.103734
0.103734
0.103724
0.103724
0.103722
0.103712
0.103696
0.103691
0.103686
0.103675
0.103674
0.103674
0.103659
0.103656
0.10364
0.10364
0.103639
0.103631
0.103625
0.103621
0.103614
0.103607
0.103603
0.103589
0.103588
0.103584
0.103578
0.103562
0.103559
0.103557
0.103554
0.10355
0.103542
0.103542
0.103541
0.103535
0.103526
0.103508
0.103506
0.103495
0.103494
0.103492
0.103479
0.103476
0.10346
0.103453
0.103445
0.103427
0.10342
0.103417
0.103416
0.103412
0.103408
0.103406
0.103403
0.103393
0.103383
0.103382
0.10338
0.10337
0.10337
0.103366
0.103353
0.103352
0.103346
0.103342
0.103331
0.103327
0.103314
0.103309
0.103285
0.103285
0.103282
0.103279
0.103278
0.103278
0.103267
0.103265
0.10326
0.10326
0.103258
0.103251
0.103246
0.103242
0.103238
0.103237
0.103232
0.103231
0.103229
0.103213
0.10321
0.103206
0.103204
0.103197
0.103192
0.103185
0.103181
0.10317
0.10315
0.103148
0.103145
0.103136
0.103136
0.103135
0.103131
0.10313
0.103125
0.103124
0.103119
0.103118
0.103117
0.10311
0.103107
0.103103
0.103103
0.1031
0.10309
0.103086
0.103083
0.103076
0.10307
0.103067
0.103055
0.103052
0.10305
0.103049
0.103048
0.103045
0.10304
0.103034
0.103029
0.103024
0.103003
0.103002
0.102996
0.102992
0.102984
0.102982
0.10298
0.102979
0.102964
0.102964
0.102956
0.102951
0.102946
0.102946
0.102946
0.102944
0.102944
0.102932
0.102932
0.102912
0.102911
0.102887
0.102881
0.102881
0.102875
0.102874
0.102868
0.102867
0.102863
0.102828
0.102823
0.102815
0.102807
0.102807
0.102796
0.102792
0.102787
0.102787
0.102782
0.102775
0.102772
0.102771
0.102764
0.102763
0.102754
0.102744
0.102738
0.102733
0.102731
0.102727
0.102726
0.10272
0.102709
0.102704
0.102704
0.1027
0.102693
0.102692
0.102686
0.102684
0.103186
0.103183
0.10318
0.103176
0.103172
0.103171
0.103168
0.103162
0.103157
0.103152
0.103148
0.103144
0.103143
0.103138
0.103132
0.10313
0.103126
0.103122
0.103119
0.103119
0.103111
0.103109
0.103099
0.103099
0.103097
0.103097
0.103095
0.103094
0.103093
0.103091
0.10309
0.10309
0.103087
0.103086
0.103085
0.103084
0.103082
0.103078
0.103064
0.103062
0.103062
0.103057
0.103056
0.10305
0.103048
0.103045
0.103044
0.10304
0.103038
0.103037
0.103036
0.103027
0.103026
0.103026
0.103025
0.103013
0.103005
0.103004
0.103003
0.103002
0.102998
0.102997
0.102996
0.10299
0.102987
0.102985
0.102982
0.102981
0.102969
0.102968
0.102966
0.102966
0.102966
0.10296
0.10296
0.102959
0.102959
0.102941
0.102941
0.102932
0.102932
0.10293
0.102928
0.102927
0.10292
0.102915
0.102913
0.102913
0.102912
0.102911
0.10291
0.102908
0.102904
0.102904
0.102895
0.102894
0.102881
0.102879
0.102878
0.102874
0.102873
0.102872
0.102871
0.102864
0.102855
0.10285
0.102844
0.102843
0.10284
0.102838
0.102837
0.102823
0.102816
0.102815
0.102811
0.102801
0.102794
0.102781
0.102781
0.10278
0.10278
0.102778
0.102778
0.102778
0.102772
0.102768
0.102763
0.102753
0.102751
0.102741
0.102741
0.102732
0.102726
0.102726
0.102726
0.102716
0.102714
0.102714
0.102709
0.102707
0.102707
0.10269
0.102686
0.102686
0.102676
0.102671
0.10267
0.102669
0.102657
0.102655
0.102655
0.102653
0.10265
0.102647
0.102643
0.102639
0.102637
0.10263
0.102629
0.102626
0.102619
0.102618
0.102606
0.102605
0.1026
0.102591
0.102587
0.102586
0.10258
0.102574
0.102572
0.10256
0.102558
0.102555
0.102552
0.10255
0.102547
0.102544
0.102543
0.102541
0.10254
0.102526
0.102526
0.102522
0.10252
0.102511
0.102511
0.102509
0.102497
0.102494
0.102488
0.102487
0.102486
0.102485
0.102484
0.102481
0.102478
0.102468
0.102465
0.102458
0.102458
0.102449
0.102448
0.102438
0.102433
0.10243
0.10243
0.102427
0.102427
0.102419
0.10241
0.102396
0.102395
0.10239
0.102386
0.102381
0.102373
0.102373
0.102369
0.10236
0.102355
0.102354
0.102349
0.102348
0.102346
0.102345
0.102342
0.102334
0.102334
0.102334
0.102323
0.10232
0.102316
0.102315
0.102315
0.102313
0.102309
0.102309
0.102308
0.102308
0.102304
0.102299
0.102295
0.102289
0.102288
0.102279
0.102277
0.102274
0.102272
0.102265
0.102265
0.102264
0.102258
0.102254
0.10225
0.102248
0.102247
0.102247
0.102244
0.102242
0.102241
0.102239
0.102236
0.102232
0.102227
0.102227
0.102226
0.102222
0.102219
0.102215
0.102215
0.102212
0.102209
0.102206
0.102204
0.102202
0.102196
0.102196
0.102193
0.102192
0.102189
0.102186
0.102183
0.10218
0.10217
0.10217
0.102168
0.102161
0.102161
0.10216
0.102151
0.10215
0.102139
0.102136
0.102136
0.102132
0.102131
0.10213
0.102129
0.102127
0.102126
0.10212
0.102119
0.102112
0.102111
0.102109
0.102108
0.102104
0.102102
0.102101
0.102095
0.102087
0.102084
0.102083
0.102069
0.102069
0.102065
0.102064
0.102062
0.102061
0.102059
0.102058
0.102057
0.102053
0.102052
0.102048
0.102044
0.102042
0.102042
0.10204
0.102037
0.102037
0.102036
0.102031
0.10203
0.102029
0.102026
0.102025
0.102025
0.102025
0.102024
0.102021
0.102015
0.102014
0.102014
0.102004
0.102004
0.102002
0.101998
0.101972
0.101971
0.101971
0.101963
0.101963
0.101963
0.10196
0.101959
0.101957
0.101953
0.101953
0.101952
0.101948
0.101948
0.101948
0.101945
0.101943
0.101942
0.101936
0.101932
0.101931
0.101921
0.101906
0.101904
0.101901
0.1019
0.101896
0.101895
0.101893
0.101892
0.101889
0.101888
0.101884
0.101881
0.101877
0.101877
0.102407
0.102406
0.102403
0.102398
0.102387
0.102385
0.102384
0.102382
0.102376
0.102376
0.102375
0.102374
0.102372
0.102371
0.10237
0.102368
0.102367
0.102365
0.102364
0.102359
0.102355
0.102355
0.102354
0.102353
0.102352
0.102351
0.102349
0.102347
0.102346
0.10234
0.102338
0.102334
0.102334
0.102333
0.102326
0.102322
0.102317
0.102315
0.102312
0.102308
0.102307
0.102303
0.102298
0.102298
0.102294
0.102293
0.102291
0.102285
0.102285
0.102284
0.102283
0.102282
0.102281
0.102277
0.102277
0.102276
0.10227
0.10227
0.102267
0.102265
0.102264
0.102264
0.102264
0.102264
0.102262
0.102244
0.102233
0.102232
0.102231
0.102225
0.102224
0.102221
0.102221
0.102218
0.102218
0.102216
0.102212
0.102211
0.10221
0.102208
0.102206
0.102203
0.102202
0.102188
0.102187
0.102182
0.102179
0.102177
0.102176
0.102174
0.102173
0.102164
0.102164
0.102161
0.10216
0.10216
0.102159
0.102159
0.102158
0.102158
0.102154
0.102153
0.102152
0.102152
0.102149
0.102149
0.102145
0.102143
0.102132
0.10213
0.102128
0.102123
0.102122
0.102121
0.10212
0.102119
0.102118
0.102115
0.102113
0.102113
0.102109
0.102102
0.102099
0.102098
0.102097
0.102094
0.102089
0.102084
0.10208
0.10208
0.102074
0.102074
0.10207
0.102068
0.10206
0.10206
0.102058
0.102057
0.102051
0.102048
0.102041
0.102041
0.102041
0.102041
0.10204
0.10204
0.102037
0.102036
0.102029
0.102024
0.102017
0.102017
0.102015
0.102013
0.102005
0.102004
0.101997
0.101983
0.101983
0.101979
0.101978
0.101977
0.101972
0.101967
0.101964
0.101964
0.101964
0.101962
0.101961
0.101958
0.101958
0.101957
0.101956
0.101956
0.101956
0.101953
0.10195
0.101949
0.101949
0.101946
0.101945
0.101936
0.101935
0.101933
0.101933
0.101931
0.10193
0.101925
0.101924
0.101923
0.10192
0.10192
0.101918
0.101918
0.101914
0.101913
0.10191
0.101907
0.101906
0.101903
0.101897
0.101895
0.101893
0.101893
0.101888
0.101885
0.101879
0.101871
0.101871
0.10187
0.101869
0.101868
0.101866
0.101865
0.101863
0.101863
0.101861
0.101859
0.101857
0.101856
0.101851
0.101849
0.101849
0.101848
0.101847
0.101847
0.101843
0.101838
0.101837
0.101836
0.101833
0.101832
0.101832
0.101831
0.101828
0.101828
0.101825
0.101822
0.101819
0.101817
0.101814
0.101814
0.101813
0.101812
0.101811
0.101808
0.101805
0.101796
0.101791
0.101787
0.101787
0.101787
0.101783
0.101782
0.101781
0.101774
0.101772
0.101772
0.101771
0.10177
0.10177
0.101765
0.101755
0.101754
0.101753
0.101753
0.101752
0.101749
0.101747
0.101747
0.101737
0.101736
0.101733
0.101728
0.101727
0.101726
0.101725
0.101724
0.101724
0.101723
0.101722
0.101721
0.101721
0.101719
0.101717
0.101712
0.101711
0.101709
0.101704
0.101704
0.101698
0.101696
0.101688
0.101687
0.101686
0.101683
0.101678
0.101677
0.101675
0.101673
0.101671
0.101667
0.101666
0.101663
0.101653
0.101652
0.101651
0.101647
0.101644
0.10164
0.101639
0.101637
0.101637
0.101635
0.101634
0.101633
0.10163
0.101629
0.101628
0.101628
0.101627
0.101626
0.101625
0.101625
0.101624
0.101622
0.101621
0.10162
0.101619
0.101618
0.101618
0.101617
0.101615
0.101613
0.101611
0.101611
0.101606
0.101604
0.101602
0.101602
0.101597
0.101595
0.101595
0.101595
0.101595
0.101595
0.101594
0.101594
0.101592
0.101591
0.101589
0.101588
0.101586
0.101585
0.101583
0.101582
0.101581
0.101575
0.101575
0.101574
0.101574
0.101574
0.101573
0.101571
0.101567
0.101566
0.101566
0.101566
0.101565
0.101564
0.101563
0.10156
0.10156
0.10156
0.101556
0.101554
0.101553
0.101553
0.101549
0.101544
0.101542
0.101539
0.101535
0.101531
0.101531
0.101526
0.101525
0.101524
0.101519
0.101519
0.101509
0.101507
0.101507
0.101505
0.101505
0.101496
0.101496
0.101495
0.101494
0.101492
0.10149
0.101487
0.101486
0.101483
0.101481
0.101481
0.101479
0.101478
0.101477
0.101477
0.101477
0.101471
0.101466
0.101465
0.101458
0.101457
0.101457
0.101457
0.101457
0.101456
0.101453
0.101452
0.101451
0.101451
0.101447
0.101443
0.101442
0.101441
0.101441
0.10144
0.101439
0.101437
0.101436
0.101436
0.101435
0.101433
0.101432
0.101431
0.101428
0.101427
0.101426
0.101424
0.101422
0.101421
0.101419
0.101417
0.101416
0.101408
0.101408
0.101407
0.101402
0.101402
0.101401
0.101401
0.1014
0.1014
0.101398
0.101397
0.101391
0.101391
0.101391
0.101391
0.10139
0.101389
0.101386
0.101385
0.101385
0.101384
0.101382
0.101382
0.101377
0.101375
0.101373
0.101371
0.101371
0.101367
0.101366
0.101365
0.101364
0.101362
0.101359
0.101356
0.101356
0.101355
0.101352
0.101351
0.10135
0.101349
0.101347
0.101342
0.101339
0.101339
0.101338
0.101338
0.101338
0.101336
0.101336
0.101334
0.101332
0.101331
0.101325
0.101321
0.101318
0.101313
0.101313
0.101308
0.101307
0.101307
0.101307
0.101306
0.101304
0.101304
0.101303
0.101301
0.101299
0.101299
0.101298
0.101297
0.101295
0.101293
0.101291
0.10129
0.10129
0.101285
0.101284
0.101284
0.101282
0.101281
0.101281
0.101281
0.10128
0.101277
0.101277
0.101272
0.101271
0.10127
0.101269
0.101267
0.101267
0.101266
0.101265
0.101265
0.101262
0.101261
0.10126
0.101258
0.101257
0.101256
0.101255
0.101251
0.101249
0.101249
0.101244
0.101243
0.101243
0.101243
0.101243
0.101242
0.101242
0.101242
0.101241
0.101235
0.101235
0.101227
0.101227
0.101223
0.10122
0.101219
0.101218
0.101217
0.101216
0.101212
0.101211
0.101206
0.101204
0.101204
0.101202
0.1012
0.101194
0.101193
0.101192
0.101192
0.10119
0.101188
0.101187
0.101187
0.101187
0.101186
0.101185
0.101185
0.101184
0.101183
0.101183
0.101183
0.101178
0.101176
0.101173
0.101171
0.101171
0.101158
0.101157
0.101156
0.101156
0.101155
0.101154
0.101152
0.101151
0.10115
0.10115
0.101149
0.101149
0.101148
0.101147
0.101146
0.101146
0.101145
0.101145
0.101144
0.101143
0.101143
0.101143
0.101142
0.101141
0.10114
0.101139
0.101138
0.101134
0.101133
0.101128
0.101127
0.101124
0.101124
0.101123
0.101118
0.101117
0.101116
0.101115
0.101115
0.101115
0.101115
0.101114
0.101114
0.10111
0.101108
0.101106
0.101104
0.101103
0.101103
0.101102
0.101098
0.101098
0.101097
0.101092
0.101086
0.101084
0.101082
0.101079
0.101079
0.101078
0.101077
0.101076
0.101073
0.101073
0.101069
0.101068
0.101065
0.101065
0.101062
0.101062
0.101061
0.101061
0.101059
0.101058
0.101055
0.101055
0.101054
0.101054
0.10105
0.10104
0.10104
0.101038
0.101035
0.101032
0.101031
0.101027
0.101022
0.101021
0.10102
0.101019
0.101018
0.101018
0.101015
0.101014
0.101013
0.101013
0.101013
0.101011
0.101011
0.10101
0.10101
0.10101
0.101009
0.101009
0.101006
0.101
0.101
0.101
0.101
0.100999
0.100999
0.100998
0.100997
0.100992
0.100987
0.100986
0.100985
0.100985
0.100985
0.100983
0.10098
0.100979
0.100979
0.100975
0.100975
0.100973
0.100971
0.100971
0.100969
0.100962
0.100961
0.10096
0.100959
0.100958
0.100957
0.100957
0.100955
0.100954
0.100954
0.100953
0.100953
0.100952
0.100949
0.100949
0.100948
0.100948
0.100947
0.100939
0.100937
0.100933
0.100932
0.100931
0.100929
0.100929
0.100928
0.100926
0.100924
0.100924
0.100923
0.100923
0.100922
0.100922
0.100921
0.10092
0.100919
0.100919
0.100917
0.100916
0.100915
0.100915
0.100915
0.100915
0.100913
0.100913
0.100912
0.100912
0.100908
0.100906
0.100904
0.100903
0.100903
0.100903
0.100902
0.1009
0.100898
0.100896
0.100894
0.100892
0.10089
0.100889
0.100889
0.100889
0.100888
0.100887
0.100887
0.100886
0.100885
0.100885
0.100883
0.100882
0.100882
0.100881
0.10088
0.10088
0.100879
0.100879
0.100878
0.100873
0.100872
0.100871
0.10087
0.10087
0.100868
0.100864
0.100863
0.100861
0.100858
0.100857
0.100857
0.100856
0.100853
0.100853
0.100852
0.10085
0.10085
0.100848
0.100843
0.100843
0.100843
0.10084
0.100838
0.100837
0.100836
0.100833
0.100832
0.100832
0.100831
0.100829
0.100829
0.100828
0.100828
0.100826
0.100826
0.100825
0.100825
0.100824
0.100823
0.100823
0.100822
0.100822
0.100822
0.100819
0.100818
0.100818
0.100817
0.100815
0.100814
0.100812
0.100808
0.100808
0.100807
0.100807
0.100806
0.100806
0.100805
0.100805
0.100804
0.100804
0.100803
0.100803
0.100801
0.100801
0.100801
0.1008
0.100799
0.100797
0.100797
0.100797
0.100796
0.100795
0.100795
0.100795
0.100793
0.100792
0.100792
0.100788
0.100787
0.100786
0.100785
0.100784
0.100783
0.100783
0.100783
0.100782
0.100781
0.10078
0.100779
0.100779
0.100778
0.100775
0.100774
0.100774
0.100771
0.10077
0.100769
0.100769
0.100769
0.100769
0.100767
0.100767
0.100766
0.100763
0.100763
0.100761
0.10076
0.100759
0.100757
0.100755
0.100755
0.100753
0.10075
0.100749
0.100749
0.100748
0.100746
0.100745
0.100744
0.100739
0.100738
0.100738
0.100737
0.100737
0.100736
0.100736
0.100735
0.100735
0.100733
0.100732
0.100731
0.10073
0.10073
0.10073
0.100729
0.100728
0.100726
0.100725
0.100724
0.100724
0.100724
0.10072
0.100719
0.100718
0.100717
0.100717
0.100715
0.100712
0.100711
0.100711
0.100711
0.10071
0.100709
0.100708
0.100708
0.100706
0.100704
0.100704
0.100704
0.100704
0.100703
0.100702
0.1007
0.100699
0.100698
0.100697
0.100697
0.100696
0.100691
0.100691
0.10069
0.100689
0.100689
0.100688
0.100688
0.100687
0.100687
0.100681
0.10068
0.100679
0.100678
0.100676
0.100676
0.100674
0.100674
0.100669
0.100669
0.100668
0.100667
0.100666
0.100665
0.100665
0.100665
0.100664
0.100663
0.100661
0.10066
0.10066
0.10066
0.10066
0.100659
0.100659
0.100658
0.100658
0.100658
0.100658
0.100657
0.100657
0.100655
0.100655
0.100654
0.100653
0.100652
0.100652
0.100652
0.100651
0.10065
0.10065
0.10065
0.100648
0.100646
0.100646
0.100646
0.100646
0.100645
0.100645
0.100644
0.100642
0.100642
0.100637
0.100636
0.100632
0.100631
0.10063
0.100629
0.100629
0.100628
0.100628
0.100627
0.100627
0.100623
0.100622
0.100621
0.100621
0.10062
0.100619
0.100617
0.100616
0.100616
0.100616
0.100615
0.100615
0.100614
0.100613
0.100613
0.100612
0.100612
0.100612
0.100612
0.100609
0.100608
0.100607
0.100607
0.100606
0.100606
0.100606
0.100606
0.100605
0.100604
0.100603
0.100602
0.100597
0.100596
0.100595
0.100594
0.100594
0.100593
0.100593
0.100592
0.100592
0.100592
0.100592
0.100591
0.10059
0.10059
0.10059
0.100588
0.100588
0.100587
0.100586
0.100585
0.100585
0.100584
0.100583
0.100583
0.100583
0.100581
0.100581
0.10058
0.100579
0.100578
0.100577
0.100577
0.100577
0.100577
0.100575
0.100575
0.100574
0.100574
0.100574
0.100573
0.100572
0.100572
0.10057
0.10057
0.100569
0.100569
0.100568
0.100565
0.100563
0.100562
0.100562
0.100561
0.10056
0.100559
0.100558
0.100557
0.100556
0.100555
0.100555
0.100555
0.100553
0.100553
0.100553
0.100553
0.100553
0.100551
0.100551
0.100551
0.100551
0.100549
0.100547
0.100546
0.100543
0.100543
0.100543
0.100542
0.100542
0.100542
0.100541
0.100541
0.100541
0.10054
0.10054
0.100539
0.100539
0.100538
0.100537
0.100536
0.100536
0.100536
0.100535
0.100534
0.100534
0.100534
0.100533
0.100533
0.100533
0.100532
0.100532
0.100531
0.100531
0.10053
0.100529
0.100528
0.100526
0.100524
0.100523
0.100522
0.100522
0.100522
0.100521
0.100521
0.100519
0.100516
0.100515
0.100514
0.100514
0.100513
0.100512
0.100512
0.100511
0.100511
0.100511
0.100511
0.10051
0.10051
0.10051
0.100509
0.100508
0.100508
0.100508
0.100507
0.100506
0.100506
0.100504
0.100503
0.100503
0.100502
0.100502
0.100502
0.100501
0.100501
0.100501
0.100498
0.100497
0.100497
0.100496
0.100496
0.100496
0.100494
0.100493
0.100493
0.100492
0.100491
0.100491
0.100491
0.100491
0.10049
0.100489
0.100488
0.100488
0.100488
0.100488
0.100487
0.100487
0.100487
0.100486
0.100485
0.100485
0.100484
0.100484
0.100483
0.100482
0.100482
0.10048
0.100479
0.100479
0.100479
0.100477
0.100477
0.100477
0.100476
0.100475
0.100475
0.100475
0.100474
0.100474
0.100474
0.100473
0.100473
0.100473
0.100473
0.100472
0.100472
0.100471
0.10047
0.10047
0.10047
0.10047
0.10047
0.100468
0.100468
0.100468
0.100468
0.100467
0.100467
0.100466
0.100465
0.100465
0.100465
0.100464
0.100462
0.100461
0.10046
0.100459
0.100459
0.100457
0.100457
0.100457
0.100457
0.100456
0.100456
0.100456
0.100455
0.100452
0.10045
0.10045
0.100449
0.100449
0.100448
0.100446
0.100445
0.100445
0.100445
0.100444
0.100443
0.100443
0.100443
0.100443
0.100443
0.100443
0.100443
0.100443
0.100443
0.100442
0.100441
0.100441
0.100441
0.100441
0.10044
0.100439
0.100439
0.100439
0.100438
0.100438
0.100438
0.100437
0.100436
0.100435
0.100435
0.100435
0.100434
0.100434
0.100433
0.100433
0.100432
0.100431
0.100431
0.100431
0.100431
0.100431
0.100431
0.10043
0.10043
0.100429
0.100429
0.100429
0.100428
0.100428
0.100428
0.100428
0.100426
0.100426
0.100426
0.100426
0.100425
0.100425
0.100424
0.100423
0.100422
0.100422
0.100421
0.100421
0.10042
0.10042
0.100419
0.100418
0.100418
0.100418
0.100416
0.100416
0.100415
0.100415
0.100414
0.100414
0.100413
0.100413
0.100412
0.100412
0.100411
0.100411
0.10041
0.100409
0.100409
0.100409
0.100409
0.100408
0.100408
0.100408
0.100408
0.100407
0.100406
0.100406
0.100406
0.100406
0.100404
0.100404
0.100404
0.100403
0.100403
0.100403
0.100402
0.100402
0.100402
0.100402
0.100401
0.100401
0.1004
0.1004
0.1004
0.1004
0.100399
0.100398
0.100398
0.100398
0.100397
0.100397
0.100396
0.100396
0.100396
0.100396
0.100395
0.100395
0.100394
0.100394
0.10039
0.100389
0.100388
0.100387
0.100386
0.100385
0.100383
0.100381
0.100381
0.10038
0.100379
0.100379
0.100379
0.100378
0.100376
0.100375
0.100375
0.100375
0.100375
0.100375
0.100375
0.100374
0.100374
0.100374
0.100371
0.100371
0.100371
0.100369
0.100368
0.100368
0.100368
0.100368
0.100367
0.100367
0.100367
0.100366
0.100366
0.100366
0.100365
0.100365
0.100365
0.100364
0.100363
0.100362
0.10036
0.10036
0.10036
0.10036
0.10036
0.10036
0.100359
0.100358
0.100358
0.100357
0.100357
0.100357
0.100356
0.100355
0.100355
0.100353
0.100353
0.100353
0.100353
0.100352
0.100352
0.100352
0.100351
0.100351
0.10035
0.10035
0.10035
0.10035
0.10035
0.10035
0.10035
0.100349
0.100349
0.100349
0.100349
0.100349
0.100348
0.100347
0.100347
0.100346
0.100346
0.100346
0.100345
0.100345
0.100345
0.100344
0.100344
0.100344
0.100343
0.100343
0.100343
0.100342
0.100342
0.100341
0.100341
0.100341
0.100339
0.100339
0.100339
0.100338
0.100337
0.100336
0.100336
0.100336
0.100334
0.100334
0.100334
0.100333
0.100333
0.100331
0.100331
0.10033
0.10033
0.10033
0.10033
0.10033
0.10033
0.100329
0.100329
0.100327
0.100327
0.100327
0.100327
0.100325
0.100325
0.100325
0.100324
0.100324
0.100323
0.100323
0.100322
0.100322
0.100322
0.100322
0.100322
0.100322
0.100322
0.100321
0.10032
0.10032
0.10032
0.100318
0.100318
0.100318
0.100318
0.100317
0.100317
0.100316
0.100315
0.100313
0.100313
0.100313
0.100313
0.100312
0.100312
0.100311
0.100311
0.100311
0.100311
0.10031
0.100309
0.100309
0.100308
0.100308
0.100308
0.100308
0.100306
0.100306
0.100306
0.100305
0.100304
0.100303
0.100303
0.100303
0.100302
0.100302
0.100302
0.100302
0.100302
0.100301
0.100301
0.1003
0.1003
0.1003
0.1003
0.100298
0.100297
0.100297
0.100297
0.100297
0.100296
0.100295
0.100295
0.100295
0.100295
0.100292
0.100292
0.100291
0.10029
0.10029
0.10029
0.100289
0.100288
0.100288
0.100288
0.100287
0.100287
0.100287
0.100286
0.100286
0.100285
0.100285
0.100285
0.100285
0.100285
0.100284
0.100284
0.100284
0.100283
0.100283
0.100282
0.100281
0.10028
0.10028
0.100279
0.100279
0.100278
0.100278
0.100278
0.100276
0.100276
0.100275
0.100274
0.100273
0.100272
0.100272
0.100272
0.100272
0.100271
0.10027
0.10027
0.10027
0.10027
0.10027
0.100269
0.100269
0.100269
0.100268
0.100268
0.100267
0.100266
0.100266
0.100265
0.100264
0.100264
0.100263
0.100263
0.100263
0.100263
0.100262
0.100262
0.100261
0.100261
0.100259
0.100258
0.100258
0.100257
0.100257
0.100257
0.100256
0.100256
0.100256
0.100255
0.100255
0.100254
0.100254
0.100254
0.100253
0.100253
0.100253
0.100253
0.100253
0.100252
0.100252
0.100252
0.100251
0.10025
0.10025
0.10025
0.100249
0.100249
0.100249
0.100248
0.100248
0.100248
0.100247
0.100247
0.100246
0.100246
0.100245
0.100245
0.100245
0.100245
0.100245
0.100245
0.100244
0.100243
0.100243
0.100243
0.100242
0.100242
0.100242
0.100241
0.100241
0.100241
0.10024
0.100239
0.100239
0.100239
0.100239
0.100239
0.100239
0.100237
0.100237
0.100237
0.100237
0.100237
0.100236
0.100235
0.100234
0.100233
0.100233
0.100233
0.100233
0.100233
0.100233
0.100232
0.100232
0.100232
0.100232
0.100232
0.100232
0.100231
0.100231
0.100231
0.100231
0.10023
0.10023
0.10023
0.100229
0.100229
0.100228
0.100228
0.100228
0.100228
0.100227
0.100227
0.100227
0.100227
0.100227
0.100227
0.100226
0.100226
0.100226
0.100226
0.100226
0.100226
0.100226
0.100225
0.100225
0.100225
0.100225
0.100225
0.100224
0.100224
0.100224
0.100224
0.100224
0.100223
0.100223
0.100222
0.100222
0.100222
0.100222
0.100221
0.100221
0.100221
0.100221
0.10022
0.100219
0.100219
0.100218
0.100218
0.100218
0.100217
0.100216
0.100216
0.100215
0.100215
0.100215
0.100215
0.100214
0.100214
0.100214
0.100214
0.100214
0.100213
0.100213
0.100213
0.100213
0.100212
0.100211
0.100211
0.100211
0.10021
0.10021
0.10021
0.10021
0.100209
0.100209
0.100209
0.100208
0.100208
0.100208
0.100208
0.100207
0.100206
0.100206
0.100205
0.100205
0.100205
0.100204
0.100204
0.100204
0.100204
0.100203
0.100203
0.100203
0.100202
0.100202
0.100201
0.100201
0.100201
0.1002
0.1002
0.100199
0.100199
0.100199
0.100198
0.100198
0.100198
0.100198
0.100197
0.100197
0.100197
0.100197
0.100196
0.100195
0.100195
0.100195
0.100195
0.100195
0.100195
0.100195
0.100195
0.100194
0.100194
0.100194
0.100193
0.100192
0.100192
0.100192
0.100191
0.100191
0.100191
0.100189
0.100189
0.100189
0.100189
0.100188
0.100187
0.100186
0.100186
0.100185
0.100185
0.100185
0.100185
0.100185
0.100184
0.100184
0.100184
0.100183
0.100183
0.100183
0.100183
0.100182
0.100182
0.100182
0.100182
0.100181
0.100181
0.100181
0.100181
0.100181
0.10018
0.10018
0.100179
0.100179
0.100179
0.100179
0.100179
0.100179
0.100178
0.100178
0.100177
0.100177
0.100177
0.100177
0.100177
0.100176
0.100176
0.100175
0.100175
0.100174
0.100174
0.100174
0.100173
0.100173
0.100172
0.100172
0.100172
0.100171
0.10017
0.10017
0.10017
0.10017
0.10017
0.10017
0.100169
0.100169
0.100169
0.100169
0.100169
0.100169
0.100169
0.100169
0.100169
0.100168
0.100167
0.100167
0.100167
0.100166
0.100165
0.100165
0.100165
0.100165
0.100165
0.100164
0.100164
0.100164
0.100164
0.100163
0.100163
0.100163
0.100162
0.100162
0.100161
0.100161
0.100161
0.100161
0.10016
0.100159
0.100159
0.100159
0.100159
0.100159
0.100159
0.100159
0.100159
0.100159
0.100159
0.100158
0.100158
0.100158
0.100158
0.100158
0.100156
0.100156
0.100156
0.100155
0.100155
0.100155
0.100154
0.100154
0.100154
0.100154
0.100154
0.100154
0.100153
0.100153
0.100152
0.100152
0.100152
0.100152
0.100152
0.100151
0.10015
0.10015
0.10015
0.10015
0.100149
0.100149
0.100149
0.100149
0.100149
0.100148
0.100148
0.100147
0.100147
0.100147
0.100147
0.100147
0.100146
0.100146
0.100146
0.100146
0.100145
0.100145
0.100145
0.100145
0.100145
0.100145
0.100145
0.100145
0.100144
0.100144
0.100144
0.100143
0.100143
0.100143
0.100142
0.100142
0.100142
0.100141
0.100141
0.100141
0.100141
0.10014
0.10014
0.10014
0.100139
0.100139
0.100139
0.100139
0.100139
0.100138
0.100138
0.100138
0.100138
0.100137
0.100137
0.100137
0.100137
0.100137
0.100136
0.100136
0.100136
0.100136
0.100135
0.100134
0.100134
0.100134
0.100133
0.100133
0.100133
0.100133
0.100132
0.100132
0.100132
0.100132
0.100132
0.100131
0.100131
0.100131
0.10013
0.10013
0.100129
0.100128
0.100128
0.100127
0.100127
0.100127
0.100127
0.100127
0.100126
0.100126
0.100125
0.100125
0.100125
0.100125
0.100125
0.100125
0.100124
0.100124
0.100124
0.100124
0.100124
0.100123
0.100123
0.100123
0.100123
0.100123
0.100122
0.100122
0.100122
0.100122
0.100122
0.100122
0.100121
0.100121
0.100121
0.100121
0.100121
0.100121
0.100121
0.10012
0.10012
0.10012
0.10012
0.10012
0.10012
0.10012
0.100119
0.100119
0.100119
0.100119
0.100119
0.100118
0.100118
0.100118
0.100118
0.100118
0.100118
0.100118
0.100118
0.100118
0.100117
0.100117
0.100117
0.100117
0.100117
0.100117
0.100116
0.100116
0.100116
0.100115
0.100115
0.100115
0.100115
0.100115
0.100115
0.100114
0.100114
0.100113
0.100113
0.100113
0.100113
0.100113
0.100113
0.100113
0.100112
0.100112
0.100112
0.100112
0.100111
0.10011
0.10011
0.10011
0.10011
0.10011
0.10011
0.10011
0.10011
0.100109
0.100109
0.100109
0.100108
0.100108
0.100107
0.100107
0.100107
0.100107
0.100107
0.100107
0.100107
0.100107
0.100106
0.100106
0.100106
0.100106
0.100105
0.100105
0.100105
0.100105
0.100104
0.100104
0.100104
0.100104
0.100104
0.100103
0.100103
0.100103
0.100103
0.100103
0.100103
0.100102
0.100102
0.100102
0.100102
0.100102
0.100101
0.100101
0.100101
0.100101
0.100101
0.1001
0.1001
0.1001
0.100099
0.100098
0.100098
0.100098
0.100098
0.100097
0.100097
0.100097
0.100097
0.100097
0.100097
0.100096
0.100096
0.100096
0.100096
0.100096
0.100096
0.100096
0.100096
0.100096
0.100095
0.100095
0.100095
0.100095
0.100095
0.100095
0.100095
0.100095
0.100094
0.100094
0.100094
0.100094
0.100094
0.100093
0.100093
0.100093
0.100093
0.100093
0.100092
0.100092
0.100092
0.100091
0.100091
0.100091
0.100091
0.100091
0.100091
0.10009
0.10009
0.10009
0.10009
0.10009
0.10009
0.10009
0.10009
0.100089
0.100089
0.100089
0.100089
0.100089
0.100089
0.100089
0.100089
0.100089
0.100088
0.100088
0.100088
0.100088
0.100088
0.100088
0.100088
0.100087
0.100087
0.100087
0.100087
0.100086
0.100086
0.100086
0.100086
0.100086
0.100086
0.100085
0.100085
0.100085
0.100085
0.100085
0.100085
0.100085
0.100085
0.100085
0.100084
0.100084
0.100084
0.100084
0.100084
0.100083
0.100083
0.100083
0.100083
0.100083
0.100082
0.100082
0.100082
0.100082
0.100082
0.100081
0.100081
0.100081
0.10008
0.10008
0.10008
0.10008
0.10008
0.10008
0.100079
0.100079
0.100079
0.100079
0.100079
0.100079
0.100079
0.100078
0.100078
0.100078
0.100077
0.100077
0.100077
0.100077
0.100076
0.100076
0.100076
0.100076
0.100076
0.100076
0.100076
0.100076
0.100075
0.100075
0.100075
0.100074
0.100074
0.100074
0.100074
0.100074
0.100074
0.100074
0.100074
0.100074
0.100073
0.100073
0.100073
0.100073
0.100073
0.100073
0.100073
0.100072
0.100072
0.100072
0.100072
0.100071
0.100071
0.100071
0.10007
0.10007
0.10007
0.10007
0.10007
0.10007
0.10007
0.10007
0.10007
0.100069
0.100069
0.100069
0.100069
0.100069
0.100069
0.100069
0.100068
0.100068
0.100068
0.100068
0.100068
0.100068
0.100068
0.100068
0.100068
0.100067
0.100067
0.100067
0.100067
0.100067
0.100067
0.100067
0.100067
0.100067
0.100067
0.100067
0.100067
0.100067
0.100067
0.100067
0.100066
0.100066
0.100066
0.100065
0.100065
0.100065
0.100065
0.100091
0.10009
0.10009
0.10009
0.10009
0.100089
0.100089
0.100089
0.100089
0.100089
0.100089
0.100089
0.100088
0.100088
0.100088
0.100088
0.100088
0.100088
0.100088
0.100088
0.100087
0.100087
0.100087
0.100087
0.100087
0.100087
0.100087
0.100087
0.100087
0.100087
0.100086
0.100086
0.100086
0.100086
0.100086
0.100086
0.100086
0.100086
0.100085
0.100085
0.100085
0.100085
0.100085
0.100085
0.100085
0.100085
0.100085
0.100084
0.100084
0.100084
0.100084
0.100084
0.100084
0.100084
0.100084
0.100084
0.100084
0.100083
0.100083
0.100083
0.100083
0.100083
0.100083
0.100083
0.100082
0.100082
0.100082
0.100082
0.100082
0.100082
0.100082
0.100082
0.100082
0.100082
0.100081
0.100081
0.100081
0.100081
0.100081
0.100081
0.100081
0.10008
0.10008
0.10008
0.10008
0.10008
0.10008
0.10008
0.100079
0.100079
0.100079
0.100079
0.100079
0.100079
0.100079
0.100079
0.100079
0.100079
0.100079
0.100079
0.100078
0.100078
0.100078
0.100078
0.100078
0.100078
0.100078
0.100078
0.100078
0.100078
0.100078
0.100077
0.100077
0.100077
0.100077
0.100077
0.100077
0.100077
0.100076
0.100076
0.100076
0.100076
0.100076
0.100076
0.100076
0.100075
0.100075
0.100075
0.100075
0.100075
0.100075
0.100075
0.100075
0.100075
0.100075
0.100075
0.100075
0.100075
0.100075
0.100075
0.100075
0.100075
0.100075
0.100075
0.100075
0.100074
0.100074
0.100074
0.100074
0.100074
0.100074
0.100074
0.100073
0.100073
0.100073
0.100073
0.100073
0.100073
0.100073
0.100073
0.100073
0.100073
0.100073
0.100073
0.100073
0.100072
0.100072
0.100072
0.100072
0.100072
0.100072
0.100072
0.100072
0.100072
0.100071
0.100071
0.100071
0.100071
0.100071
0.100071
0.100071
0.100071
0.10007
0.10007
0.10007
0.10007
0.10007
0.10007
0.10007
0.10007
0.10007
0.10007
0.100069
0.100069
0.100069
0.100069
0.100069
0.100069
0.100069
0.100069
0.100069
0.100069
0.100069
0.100068
0.100068
0.100068
0.100068
0.100068
0.100068
0.100067
0.100067
0.100067
0.100067
0.100067
0.100067
0.100067
0.100066
0.100066
0.100066
0.100066
0.100066
0.100066
0.100066
0.100066
0.100066
0.100066
0.100066
0.100065
0.100065
0.100065
0.100065
0.100065
0.100065
0.100065
0.100065
0.100064
0.100064
0.100064
0.100064
0.100064
0.100064
0.100064
0.100064
0.100064
0.100064
0.100063
0.100063
0.100063
0.100063
0.100063
0.100063
0.100063
0.100063
0.100063
0.100063
0.100063
0.100063
0.100063
0.100062
0.100062
0.100062
0.100062
0.100062
0.100061
0.100061
0.100061
0.100061
0.100061
0.100061
0.100061
0.100061
0.10006
0.10006
0.10006
0.10006
0.10006
0.10006
0.10006
0.100059
0.100059
0.100059
0.100059
0.100059
0.100059
0.100059
0.100059
0.100058
0.100058
0.100058
0.100058
0.100058
0.100058
0.100058
0.100057
0.100057
0.100057
0.100057
0.100057
0.100057
0.100057
0.100057
0.100057
0.100057
0.100057
0.100057
0.100057
0.100057
0.100057
0.100057
0.100057
0.100057
0.100056
0.100056
0.100056
0.100056
0.100056
0.100056
0.100056
0.100056
0.100056
0.100056
0.100055
0.100055
0.100055
0.100055
0.100055
0.100055
0.100055
0.100055
0.100055
0.100055
0.100055
0.100054
0.100054
0.100054
0.100054
0.100053
0.100053
0.100053
0.100053
0.100053
0.100053
0.100053
0.100053
0.100053
0.100052
0.100052
0.100052
0.100052
0.100052
0.100052
0.100052
0.100052
0.100052
0.100051
0.100051
0.100051
0.100051
0.100051
0.100051
0.100051
0.100051
0.10005
0.10005
0.10005
0.10005
0.10005
0.10005
0.10005
0.10005
0.100049
0.100049
0.100049
0.100049
0.100049
0.100049
0.100049
0.100049
0.100049
0.100049
0.100049
0.100048
0.100048
0.100048
0.100048
0.100048
0.100048
0.100048
0.100048
0.100048
0.100048
0.100048
0.100048
0.100048
0.100048
0.100048
0.100047
0.100047
0.100047
0.100047
0.100047
0.100047
0.100046
0.100046
0.100046
0.100046
0.100046
0.100046
0.100046
0.100046
0.100046
0.100046
0.100046
0.100046
0.100046
0.100046
0.100046
0.100046
0.100046
0.100045
0.100045
0.100045
0.100045
0.100045
0.100045
0.100045
0.100045
0.100045
0.100045
0.100044
0.100044
0.100044
0.100044
0.100044
0.100044
0.100044
0.100044
0.100044
0.100044
0.100044
0.100044
0.100043
0.100043
0.100043
0.100043
0.100043
0.100043
0.100043
0.100043
0.100043
0.100043
0.100043
0.100043
0.100043
0.100042
0.100042
0.100042
0.100042
0.100042
0.100042
0.100042
0.100042
0.100042
0.100042
0.100042
0.100041
0.100041
0.100041
0.100041
0.100041
0.100041
0.100041
0.100041
0.100041
0.100041
0.100041
0.100041
0.100041
0.100041
0.100041
0.100041
0.100041
0.100041
0.10004
0.10004
0.10004
0.10004
0.10004
0.10004
0.10004
0.10004
0.10004
0.10004
0.10004
0.10004
0.10004
0.10004
0.100039
0.100039
0.100039
0.100039
0.100039
0.100039
0.100039
0.100039
0.100039
0.100039
0.100039
0.100039
0.100039
0.100038
0.100038
0.100038
0.100038
0.100038
0.100038
0.100038
0.100038
0.100038
0.100038
0.100038
0.100038
0.100038
0.100038
0.100038
0.100038
0.100038
0.100037
0.100037
0.100037
0.100037
0.100037
0.100037
0.100037
0.100037
0.100037
0.100037
0.100036
0.100036
0.100036
0.100036
0.100036
0.100036
0.100036
0.100036
0.100036
0.100036
0.100036
0.100035
0.100035
0.100035
0.100035
0.100035
0.100035
0.100035
0.100035
0.100035
0.100035
0.100035
0.100035
0.100035
0.100035
0.100035
0.100034
0.100034
0.100034
0.100034
0.100034
0.100034
0.100034
0.100034
0.100034
0.100034
0.100034
0.100034
0.100034
0.100034
0.100034
0.100034
0.100034
0.100034
0.100034
0.100033
0.100033
0.100033
0.100033
0.100033
0.100033
0.100033
0.100033
0.100033
0.100033
0.100033
0.100033
0.100033
0.100033
0.100033
0.100032
0.100032
0.100032
0.100032
0.100032
0.100032
0.100032
0.100032
0.100032
0.100032
0.100032
0.100032
0.100032
0.100032
0.100032
0.100032
0.100032
0.100032
0.100031
0.100031
0.100031
0.100031
0.100031
0.100031
0.100031
0.100031
0.100031
0.100031
0.100031
0.100031
0.100031
0.100031
0.100031
0.100031
0.100031
0.100031
0.100031
0.100031
0.100031
0.100031
0.100031
0.100031
0.100031
0.100031
0.100031
0.10003
0.10003
0.10003
0.10003
0.10003
0.10003
0.10003
0.10003
0.10003
0.10003
0.10003
0.100029
0.100029
0.100029
0.100029
0.100029
0.100029
0.100029
0.100029
0.100029
0.100029
0.100029
0.100029
0.100029
0.100029
0.100029
0.100029
0.100029
0.100029
0.100029
0.100029
0.100029
0.100028
0.100028
0.100028
0.100028
0.100028
0.100028
0.100028
0.100028
0.100028
0.100028
0.100028
0.100028
0.100028
0.100028
0.100028
0.100027
0.100027
0.100027
0.100027
0.100027
0.100027
0.100027
0.100027
0.100027
0.100027
0.100027
0.100027
0.100027
0.100027
0.100027
0.100027
0.100027
0.100027
0.100027
0.100027
0.100026
0.100026
0.100026
0.100026
0.100026
0.100026
0.100026
0.100026
0.100026
0.100026
0.100026
0.100026
0.100026
0.100026
0.100026
0.100026
0.100025
0.100025
0.100025
0.100025
0.100025
0.100025
0.100025
0.100025
0.100025
0.100025
0.100025
0.100025
0.100025
0.100031
0.100031
0.100031
0.100031
0.100031
0.100031
0.100031
0.100031
0.100031
0.100031
0.100031
0.100031
0.100031
0.100031
0.100031
0.100031
0.100031
0.10003
0.10003
0.10003
0.10003
0.10003
0.10003
0.10003
0.10003
0.10003
0.10003
0.10003
0.10003
0.10003
0.10003
0.10003
0.10003
0.10003
0.10003
0.10003
0.10003
0.10003
0.10003
0.10003
0.10003
0.10003
0.100029
0.100029
0.100029
0.100029
0.100029
0.100029
0.100029
0.100029
0.100029
0.100029
0.100029
0.100029
0.100029
0.100029
0.100029
0.100029
0.100029
0.100029
0.100029
0.100029
0.100029
0.100029
0.100029
0.100029
0.100029
0.100029
0.100029
0.100029
0.100029
0.100029
0.100029
0.100029
0.100028
0.100028
0.100028
0.100028
0.100028
0.100028
0.100028
0.100028
0.100028
0.100028
0.100028
0.100028
0.100028
0.100028
0.100028
0.100028
0.100028
0.100028
0.100028
0.100028
0.100028
0.100028
0.100027
0.100027
0.100027
0.100027
0.100027
0.100027
0.100027
0.100027
0.100027
0.100027
0.100027
0.100027
0.100027
0.100027
0.100027
0.100027
0.100027
0.100027
0.100027
0.100027
0.100026
0.100026
0.100026
0.100026
0.100026
0.100026
0.100026
0.100026
0.100026
0.100026
0.100026
0.100026
0.100026
0.100026
0.100026
0.100026
0.100026
0.100026
0.100026
0.100026
0.100026
0.100025
0.100025
0.100025
0.100025
0.100025
0.100025
0.100025
0.100025
0.100025
0.100025
0.100025
0.100025
0.100025
0.100025
0.100025
0.100025
0.100025
0.100025
0.100025
0.100025
0.100025
0.100024
0.100024
0.100024
0.100024
0.100024
0.100024
0.100024
0.100024
0.100024
0.100024
0.100024
0.100024
0.100024
0.100024
0.100024
0.100024
0.100024
0.100024
0.100024
0.100024
0.100024
0.100024
0.100024
0.100023
0.100023
0.100023
0.100023
0.100023
0.100023
0.100023
0.100023
0.100023
0.100023
0.100023
0.100023
0.100023
0.100023
0.100023
0.100023
0.100023
0.100023
0.100023
0.100023
0.100023
0.100022
0.100022
0.100022
0.100022
0.100022
0.100022
0.100022
0.100022
0.100022
0.100022
0.100022
0.100022
0.100022
0.100022
0.100022
0.100022
0.100022
0.100022
0.100022
0.100022
0.100022
0.100022
0.100022
0.100022
0.100022
0.100022
0.100022
0.100022
0.100021
0.100021
0.100021
0.100021
0.100021
0.100021
0.100021
0.100021
0.100021
0.100021
0.100021
0.100021
0.100021
0.100021
0.100021
0.100021
0.100021
0.100021
0.100021
0.100021
0.100021
0.100021
0.100021
0.100021
0.100021
0.100021
0.100021
0.100021
0.100021
0.100021
0.100021
0.100021
0.10002
0.10002
0.10002
0.10002
0.10002
0.10002
0.10002
0.10002
0.10002
0.10002
0.10002
0.10002
0.10002
0.10002
0.10002
0.10002
0.10002
0.10002
0.10002
0.10002
0.10002
0.10002
0.10002
0.100019
0.100019
0.100019
0.100019
0.100019
0.100019
0.100019
0.100019
0.100019
0.100019
0.100019
0.100019
0.100019
0.100019
0.100019
0.100019
0.100019
0.100019
0.100019
0.100019
0.100019
0.100019
0.100019
0.100019
0.100019
0.100019
0.100019
0.100019
0.100019
0.100019
0.100019
0.100019
0.100019
0.100019
0.100019
0.100019
0.100019
0.100019
0.100019
0.100019
0.100019
0.100019
0.100019
0.100018
0.100018
0.100018
0.100018
0.100018
0.100018
0.100018
0.100018
0.100018
0.100018
0.100018
0.100018
0.100018
0.100018
0.100018
0.100018
0.100018
0.100018
0.100018
0.100018
0.100018
0.100018
0.100018
0.100018
0.100018
0.100018
0.100018
0.100018
0.100018
0.100018
0.100018
0.100018
0.100018
0.100018
0.100018
0.100018
0.100018
0.100018
0.100017
0.100017
0.100017
0.100017
0.100017
0.100017
0.100017
0.100017
0.100017
0.100017
0.100017
0.100017
0.100017
0.100017
0.100017
0.100017
0.100017
0.100017
0.100017
0.100017
0.100017
0.100017
0.100017
0.100017
0.100017
0.100017
0.100017
0.100017
0.100017
0.100017
0.100017
0.100017
0.100017
0.100017
0.100017
0.100017
0.100016
0.100016
0.100016
0.100016
0.100016
0.100016
0.100016
0.100016
0.100016
0.100016
0.100016
0.100016
0.100016
0.100016
0.100016
0.100016
0.100016
