1.99645
1.99582
1.99147
1.98786
1.98333
1.97863
1.97622
1.96891
1.96503
1.9604
1.95815
1.95632
1.95507
1.95245
1.94567
1.9423
1.93865
1.9386
1.93262
1.92825
1.92643
1.92535
1.91968
1.91432
1.91179
1.91068
1.90961
1.90872
1.90117
1.89667
1.89423
1.89401
1.89272
1.88681
1.8842
1.87609
1.8683
1.86088
1.85862
1.84577
1.84316
1.84132
1.83889
1.83416
1.82844
1.8247
1.82401
1.82213
1.81892
1.80915
1.80877
1.80836
1.80695
1.80638
1.80354
1.80127
1.79834
1.79641
1.79489
1.79482
1.79317
1.78969
1.78446
1.783
1.77865
1.77623
1.77276
1.76229
1.76198
1.76138
1.76133
1.76009
1.75759
1.75614
1.7548
1.75254
1.75172
1.75118
1.74708
1.74419
1.73458
1.73372
1.73273
1.73106
1.72532
1.72528
1.72155
1.71758
1.71725
1.71468
1.71401
1.7138
1.71125
1.70782
1.70385
1.70366
1.69989
1.69944
1.69823
1.69654
1.69539
1.68925
1.68834
1.68717
1.68606
1.68397
1.67993
1.67691
1.67674
1.67422
1.66966
1.66688
1.664
1.65986
1.6542
1.64511
1.64374
1.64296
1.64153
1.64109
1.64079
1.64024
1.63963
1.63957
1.6376
1.63624
1.6353
1.62985
1.62973
1.62966
1.62847
1.62774
1.62268
1.61997
1.6091
1.60904
1.6083
1.60541
1.60425
1.60293
1.60177
1.60175
1.59764
1.59585
1.59104
1.58924
1.58907
1.58632
1.5848
1.58331
1.58261
1.57841
1.57758
1.57579
1.57258
1.56677
1.56437
1.56362
1.5622
1.56022
1.55895
1.55462
1.55364
1.54633
1.54505
1.54317
1.54219
1.54164
1.54099
1.53318
1.53181
1.52798
1.52672
1.52521
1.52451
1.52214
1.52107
1.51907
1.51649
1.5164
1.5158
1.51573
1.51537
1.51444
1.51342
1.51321
1.51176
1.50977
1.50631
1.50427
1.50271
1.49966
1.49833
1.49614
1.49452
1.4923
1.49166
1.49081
1.48839
1.48585
1.48573
1.48528
1.48428
1.48106
1.47955
1.47908
1.47885
1.47855
1.47761
1.47743
1.47473
1.47237
1.47169
1.46559
1.46247
1.46151
1.45979
1.45696
1.45651
1.45315
1.45143
1.45071
1.44574
1.44572
1.4437
1.44053
1.43974
1.43959
1.43585
1.43557
1.43557
1.43515
1.43451
1.43416
1.43067
1.42976
1.42921
1.42712
1.42176
1.41968
1.41929
1.41629
1.41098
1.41095
1.41073
1.40882
1.40854
1.40626
1.40544
1.40296
1.40226
1.39686
1.39647
1.39581
1.39465
1.3925
1.39238
1.38523
1.38511
1.385
1.38352
1.38108
1.38098
1.37977
1.37631
1.37188
1.37159
1.37126
1.37107
1.37064
1.36923
1.36786
1.3678
1.36525
1.36443
1.36121
1.36045
1.36
1.35879
1.35853
1.35806
1.35731
1.35696
1.3559
1.35743
1.35319
1.34728
1.34281
1.34235
1.34013
1.33947
1.33939
1.3374
1.33205
1.32837
1.32776
1.32679
1.32429
1.32366
1.3215
1.32065
1.31956
1.3192
1.31869
1.31855
1.31773
1.31639
1.3161
1.31609
1.31581
1.31113
1.31091
1.31063
1.30916
1.3086
1.30819
1.30743
1.30711
1.306
1.3059
1.30462
1.30337
1.29359
1.29099
1.28607
1.28505
1.28233
1.28218
1.28138
1.27976
1.27858
1.2776
1.2773
1.27549
1.27328
1.27121
1.26961
1.26921
1.26914
1.26709
1.26505
1.26436
1.26202
1.26187
1.2558
1.25391
1.253
1.25163
1.25084
1.24885
1.24876
1.24876
1.24872
1.24723
1.24507
1.24323
1.24281
1.24177
1.23887
1.23639
1.23566
1.23467
1.23387
1.23303
1.23289
1.22889
1.2286
1.22335
1.22274
1.22036
1.21718
1.21553
1.21299
1.21135
1.21117
1.21092
1.21012
1.20903
1.20861
1.20803
1.20685
1.20651
1.20572
1.20462
1.20233
1.20075
1.1995
1.19839
1.198
1.19631
1.19484
1.19438
1.19437
1.19375
1.19353
1.19241
1.19188
1.19098
1.1906
1.18848
1.18731
1.18645
1.18549
1.18546
1.18254
1.1822
1.18198
1.18167
1.18102
1.18046
1.17736
1.17348
1.17313
1.17275
1.16921
1.16833
1.16724
1.16711
1.16711
1.16698
1.16562
1.16363
1.16312
1.16279
1.16069
1.15807
1.15665
1.15631
1.1558
1.15471
1.15381
1.15358
1.14981
1.14704
1.1459
1.14423
1.14275
1.14235
1.14011
1.13875
1.13791
1.13719
1.13704
1.13512
1.13337
1.13418
1.1337
1.13237
1.1323
1.13179
1.13167
1.12864
1.12772
1.12719
1.12613
1.12605
1.12544
1.1244
1.1244
1.12391
1.12387
1.12193
1.12088
1.11959
1.11862
1.11858
1.11822
1.11765
1.11642
1.11631
1.11563
1.11504
1.11496
1.11444
1.11405
1.11356
1.1119
1.11167
1.11145
1.11109
1.10926
1.10772
1.10736
1.10651
1.10494
1.10425
1.1041
1.10348
1.10283
1.10248
1.10219
1.10023
1.09947
1.09932
1.09735
1.09582
1.09578
1.09548
1.09451
1.09449
1.09412
1.09346
1.09289
1.09274
1.09185
1.08927
1.08845
1.08843
1.0883
1.08727
1.08395
1.08376
1.08367
1.08311
1.08297
1.08253
1.08232
1.08222
1.08181
1.08041
1.07949
1.07919
1.07763
1.07677
1.07643
1.07609
1.07431
1.07393
1.07383
1.07347
1.07286
1.07283
1.07181
1.07168
1.07064
1.06962
1.06869
1.06696
1.06681
1.06644
1.06635
1.06546
1.06497
1.06472
1.06439
1.0631
1.06296
1.06267
1.06142
1.06048
1.05936
1.05895
1.05805
1.05804
1.05751
1.05698
1.0567
1.05649
1.05641
1.05552
1.05541
1.05494
1.0549
1.05442
1.05373
1.05319
1.05288
1.05286
1.05267
1.05179
1.05169
1.05168
1.05056
1.05034
1.05003
1.04953
1.04914
1.04867
1.04845
1.04729
1.04695
1.04675
1.04641
1.04456
1.04439
1.04194
1.04112
1.0411
1.04078
1.03993
1.03987
1.03909
1.0385
1.03718
1.03707
1.03653
1.03643
1.03636
1.03626
1.03521
1.0344
1.03436
1.03338
1.03318
1.03275
1.0325
1.03208
1.03194
1.03123
1.03119
1.03062
1.02954
1.02905
1.02725
1.02721
1.02663
1.02499
1.0238
1.02292
1.02274
1.02264
1.02192
1.02079
1.01875
1.01875
1.01834
1.01794
1.01791
1.01786
1.01756
1.01687
1.01679
1.01661
1.01648
1.01609
1.01602
1.01335
1.0127
1.01232
1.01165
1.01108
1.01107
1.01034
1.00959
1.00924
1.00885
1.0084
1.00816
1.00791
1.00724
1.00704
1.00556
1.00509
1.00491
1.00462
1.00437
1.0042
1.00277
1.00202
1.00145
1.00091
1.00073
1.00069
1.00052
1.00042
1.00028
1.00007
0.999436
0.999248
0.999214
0.999122
0.999007
0.998907
0.998636
0.998048
0.99795
0.997175
0.996706
0.996392
0.996316
0.995646
0.995561
0.994652
0.994524
0.994309
0.994274
0.993872
0.993807
0.992004
0.991164
0.990191
0.990002
0.989498
0.989418
0.989269
0.988894
0.988768
0.988447
0.988412
0.988316
0.988106
0.987835
0.986768
0.986307
0.986241
0.986115
0.985724
0.985392
0.985364
0.985262
0.985201
0.984181
0.984169
0.984052
0.984029
0.982997
0.982927
0.982635
0.981888
0.981645
0.980794
0.979804
0.979668
0.979166
0.977567
0.977391
0.977385
0.976598
0.976087
0.975969
0.975823
0.975077
0.974709
0.973685
0.973373
0.973092
0.972917
0.971922
0.971717
0.970612
0.970107
0.96978
0.969481
0.968758
0.968326
0.96679
0.966703
0.96617
0.966136
0.966126
0.966071
0.965508
0.965119
0.964412
0.964326
0.963641
0.963113
0.961906
0.961102
0.959234
0.958794
0.958408
0.958339
0.958299
0.957719
0.95712
0.95695
0.956424
0.955979
0.955012
0.954667
0.954466
0.954448
0.954071
0.953612
0.952993
0.952481
0.951018
0.950904
0.950556
0.950519
0.950036
0.949987
0.949398
0.948798
0.948525
0.948298
0.947799
0.947611
0.946756
0.946655
0.945337
0.944866
0.944563
0.944468
0.944301
0.942678
0.942215
0.94216
0.94202
0.940649
0.938967
0.938901
0.936902
0.935024
0.934645
0.934467
0.934138
0.934085
0.933927
0.932408
0.931731
0.931577
0.930376
0.929896
0.929867
0.92894
0.928745
0.928396
0.928154
0.927598
0.926683
0.925239
0.925137
0.924813
0.924709
0.923888
0.923738
0.921586
0.919254
0.918893
0.91776
0.917319
0.916885
0.916874
0.915697
0.915607
0.915507
0.915217
0.914536
0.912171
0.91134
0.91111
0.910899
0.909892
0.909625
0.90781
0.906484
0.905765
0.905531
0.905387
0.904352
0.904159
0.903858
0.902177
0.901385
0.901105
0.898465
0.897795
0.897534
0.8971
0.897002
0.894943
0.89489
0.893693
0.893657
0.890822
0.890601
0.889856
0.889309
0.888822
0.888631
0.887999
0.887262
0.887171
0.887162
0.886687
0.885732
0.885432
0.885151
0.884377
0.883784
0.88356
0.882916
0.882667
0.882637
0.881452
0.880536
0.880248
0.879849
0.879014
0.876198
0.876115
0.875979
0.875407
0.875348
0.87523
0.874483
0.874306
0.874077
0.873294
0.870038
0.870005
0.869571
0.867842
0.867794
0.867437
0.867401
0.86723
0.865861
0.865749
0.864761
0.864509
0.864239
0.86352
0.862957
0.862115
0.861862
0.861784
0.861742
0.861689
0.861395
0.860333
0.85968
0.85938
0.859372
0.857266
0.856277
0.855947
0.855365
0.855274
0.85413
0.8512
0.851171
0.850847
0.85008
0.84949
0.849247
0.848553
0.847132
0.845673
0.845119
0.84426
0.844025
0.844023
0.843992
0.843972
0.843085
0.842637
0.841747
0.841676
0.84003
0.839288
0.839148
0.838243
0.836996
0.836139
0.835905
0.835778
0.835318
0.834532
0.834525
0.834161
0.834043
0.832886
0.831599
0.831571
0.831298
0.830683
0.830575
0.83011
0.829364
0.828135
0.826842
0.826797
0.82674
0.826605
0.825979
0.825368
0.825259
0.825152
0.823617
0.822304
0.821119
0.820963
0.820004
0.819969
0.819424
0.819097
0.81884
0.81593
0.814178
0.813842
0.813838
0.813838
0.813544
0.813341
0.812986
0.812581
0.811582
0.811387
0.811238
0.810534
0.810207
0.810113
0.810069
0.809974
0.809748
0.808974
0.80862
0.80849
0.807161
0.807085
0.806934
0.806824
0.806564
0.806445
0.805166
0.802991
0.801395
0.80136
0.798966
0.797924
0.797506
0.79667
0.796132
0.795974
0.794562
0.793668
0.792854
0.792555
0.790025
0.78868
0.787446
0.787137
0.787031
0.786732
0.783421
0.782695
0.782471
0.782434
0.781901
0.781855
0.779442
0.778247
0.778003
0.777118
0.776882
0.775996
0.775866
0.775026
0.773497
0.771308
0.77043
0.770085
0.768903
0.768799
0.767838
0.767552
0.766492
0.765706
0.765376
0.765143
0.764279
0.763454
0.762923
0.762598
0.762333
0.762277
0.762061
0.761499
0.759826
0.759526
0.758659
0.758458
0.758089
0.75785
0.75779
0.757318
0.756455
0.756109
0.755468
0.755375
0.754815
0.754505
0.753958
0.753676
0.753533
0.753125
0.752129
0.750124
0.749165
0.749125
0.749101
0.748956
0.748097
0.747329
0.746689
0.746112
0.745867
0.745259
0.74502
0.744787
0.744508
0.744445
0.743756
0.743295
0.743069
0.74149
0.740887
0.740456
0.740347
0.738534
0.738025
0.736565
0.736526
0.736228
0.735524
0.735439
0.735186
0.735088
0.734898
0.734777
0.733979
0.732906
0.732412
0.731587
0.73105
0.730293
0.73026
0.730015
0.729381
0.726657
0.726609
0.72656
0.726559
0.726092
0.725704
0.724833
0.72385
0.721303
0.720355
0.719862
0.718627
0.717895
0.716815
0.716781
0.716775
0.715653
0.715641
0.715176
0.715088
0.713912
0.713762
0.71337
0.713313
0.712895
0.712882
0.712611
0.71245
0.712366
0.711638
0.710466
0.710071
0.70976
0.707829
0.707391
0.706917
0.705038
0.705026
0.704244
0.70309
0.703044
0.700428
0.700019
0.699819
0.699723
0.699156
0.697791
0.697458
0.697097
0.696658
0.696514
0.696365
0.696348
0.695736
0.695556
0.694975
0.694464
0.694206
0.694039
0.693985
0.693592
0.693234
0.692469
0.692457
0.69232
0.692133
0.691891
0.690821
0.690748
0.690457
0.690451
0.689806
0.689025
0.688377
0.687528
0.686977
0.686738
0.686062
0.686053
0.685013
0.684714
0.682932
0.682902
0.682609
0.682525
0.681774
0.681689
0.680497
0.680397
0.680272
0.679943
0.679685
0.679222
0.676662
0.675595
0.675182
0.674954
0.674202
0.674175
0.67352
0.673076
0.673017
0.672591
0.672386
0.672001
0.671837
0.671541
0.670766
0.670517
0.66951
0.669051
0.668234
0.668209
0.667522
0.666753
0.666581
0.666442
0.666378
0.666312
0.665679
0.66483
0.664113
0.663886
0.663762
0.663255
0.662923
0.662577
0.661824
0.661583
0.661354
0.66134
0.659942
0.659898
0.659885
0.658789
0.658658
0.658512
0.658364
0.657193
0.656645
0.656523
0.656454
0.655129
0.654497
0.654148
0.653788
0.652558
0.652461
0.651954
0.651931
0.65182
0.65175
0.651034
0.650903
0.650369
0.649626
0.64926
0.648911
0.648812
0.648583
0.648237
0.647721
0.646513
0.646235
0.645816
0.645816
0.644894
0.644385
0.644251
0.644248
0.643851
0.642815
0.642792
0.642428
0.642389
0.640046
0.639911
0.639581
0.638763
0.637593
0.637255
0.636232
0.636161
0.636068
0.635994
0.634499
0.634098
0.633308
0.630567
0.63047
0.630336
0.629846
0.62971
0.629497
0.629393
0.628612
0.628488
0.628222
0.628222
0.625851
0.625278
0.624331
0.623818
0.623327
0.62324
0.623156
0.622995
0.622637
0.622251
0.621658
0.621445
0.62043
0.619965
0.617744
0.617278
0.615337
0.61512
0.614793
0.613732
0.613439
0.613353
0.610164
0.610015
0.609584
0.609004
0.6089
0.608438
0.608108
0.607324
0.607089
0.606446
0.606416
0.605585
0.605315
0.604939
0.604451
0.603648
0.603574
0.603222
0.603072
0.602789
0.602235
0.60202
0.601868
0.601349
0.60115
0.600908
0.599359
0.598457
0.597749
0.597553
0.597471
0.595828
0.595411
0.595134
0.594906
0.594715
0.594533
0.594249
0.593111
0.592792
0.592108
0.591585
0.591006
0.590943
0.5907
0.590441
0.59034
0.590158
0.58913
0.588
0.587357
0.586879
0.586007
0.585728
0.584426
0.584175
0.584088
0.583562
0.583425
0.582628
0.582233
0.58176
0.581745
0.58105
0.580856
0.580405
0.580335
0.579855
0.578949
0.578804
0.577793
0.577024
0.576522
0.576362
0.575626
0.575482
0.575
0.574572
0.574158
0.573566
0.573558
0.573424
0.573366
0.572482
0.572377
0.572068
0.571963
0.57117
0.570647
0.570377
0.570184
0.569805
0.568751
0.568698
0.567048
0.566965
0.566297
0.566112
0.565644
0.565581
0.565549
0.564532
0.564495
0.564299
0.563882
0.56386
0.563788
0.563637
0.563215
0.562773
0.560849
0.560209
0.560037
0.558059
0.557619
0.557503
0.557404
0.556871
0.554615
0.554196
0.554171
0.553735
0.553444
0.553271
0.553181
0.553054
0.552876
0.552869
0.55247
0.55103
0.550996
0.550388
0.550089
0.549886
0.54841
0.548139
0.547684
0.547533
0.547054
0.547003
0.545709
0.545653
0.544786
0.544385
0.544141
0.543622
0.543113
0.541909
0.541032
0.538911
0.538832
0.538162
0.53695
0.536665
0.535352
0.534619
0.53447
0.534351
0.533971
0.53382
0.531899
0.531555
0.530803
0.530325
0.528893
0.528786
0.527952
0.527598
0.526788
0.52656
0.525753
0.525246
0.525221
0.525015
0.524624
0.52375
0.523458
0.523294
0.522794
0.522129
0.521858
0.521846
0.521307
0.520732
0.519591
0.519176
0.519038
0.518233
0.518062
0.517638
0.517488
0.516937
0.516833
0.516186
0.516064
0.515086
0.513513
0.513055
0.512614
0.512374
0.51178
0.511363
0.510849
0.510821
0.510341
0.510265
0.509413
0.509059
0.508848
0.508636
0.508178
0.507837
0.50641
0.504584
0.503523
0.50324
0.502962
0.502907
0.502077
0.50137
0.501006
0.500891
0.500756
0.500057
0.49971
0.498599
0.497925
0.497507
0.496906
0.496775
0.496742
0.49638
0.495319
0.49452
0.494035
0.493252
0.493244
0.49305
0.493039
0.49254
0.492178
0.491819
0.491795
0.491698
0.491677
0.491172
0.490765
0.490237
0.490214
0.490014
0.489716
0.489705
0.488788
0.488417
0.488205
0.487254
0.486144
0.486123
0.48583
0.485235
0.484661
0.484576
0.48417
0.484159
0.483724
0.48339
0.483057
0.482658
0.482413
0.482287
0.481835
0.481549
0.480929
0.480831
0.480732
0.480522
0.480248
0.480063
0.479694
0.479259
0.479162
0.479141
0.478996
0.478309
0.477808
0.477512
0.477349
0.477107
0.476468
0.476004
0.475273
0.474978
0.474762
0.474568
0.474201
0.473394
0.472937
0.472641
0.472441
0.472184
0.472068
0.471933
0.471932
0.471824
0.471694
0.471012
0.470665
0.470298
0.469986
0.469622
0.469336
0.469068
0.46897
0.468634
0.468079
0.467918
0.467777
0.467088
0.466831
0.466248
0.464886
0.464364
0.46422
0.464031
0.46389
0.463569
0.463562
0.463352
0.463185
0.463134
0.462853
0.462091
0.462091
0.460342
0.459161
0.458758
0.458212
0.45794
0.457799
0.457376
0.45661
0.45653
0.456343
0.456232
0.456164
0.456114
0.455434
0.454209
0.453991
0.453928
0.45361
0.452985
0.451931
0.451766
0.451572
0.451538
0.516216
0.515904
0.5156
0.515422
0.515104
0.514461
0.514022
0.513799
0.513332
0.512811
0.512312
0.51224
0.511773
0.511533
0.51142
0.511062
0.511052
0.510013
0.509908
0.509374
0.509353
0.50838
0.508214
0.50736
0.507227
0.506359
0.505101
0.505077
0.504868
0.504601
0.504488
0.504401
0.504339
0.503686
0.50323
0.499863
0.498367
0.498332
0.496911
0.496603
0.496239
0.496002
0.495042
0.494469
0.493266
0.492747
0.492349
0.491922
0.491837
0.49132
0.491269
0.491104
0.490589
0.489704
0.48835
0.488051
0.488003
0.486335
0.485433
0.48471
0.484388
0.484106
0.483901
0.48348
0.483346
0.482577
0.482356
0.482309
0.482151
0.482115
0.481002
0.480971
0.480918
0.480767
0.480146
0.479819
0.479449
0.479367
0.4792
0.479024
0.478472
0.477759
0.477272
0.477245
0.476779
0.476391
0.476239
0.476215
0.475492
0.475166
0.473813
0.473712
0.473554
0.472867
0.472177
0.4714
0.471371
0.471313
0.471092
0.470979
0.470625
0.470176
0.469058
0.468361
0.468232
0.467687
0.466682
0.466439
0.466237
0.466041
0.465408
0.465258
0.465189
0.465085
0.464348
0.46412
0.463962
0.463932
0.462805
0.462146
0.461577
0.460465
0.459785
0.459182
0.458923
0.458768
0.458175
0.457318
0.456823
0.456346
0.456271
0.45586
0.454625
0.454479
0.45429
0.452612
0.452373
0.451728
0.451573
0.450585
0.450061
0.450003
0.449917
0.449863
0.449642
0.449285
0.448731
0.446927
0.445444
0.445426
0.445395
0.444542
0.444393
0.444345
0.444262
0.444244
0.44386
0.443699
0.443552
0.443263
0.443178
0.442132
0.441987
0.441936
0.441704
0.441261
0.441187
0.440944
0.440901
0.440838
0.440752
0.440314
0.440139
0.440011
0.439424
0.438953
0.438851
0.438519
0.438344
0.438008
0.437969
0.437769
0.437507
0.437502
0.437301
0.436888
0.436851
0.43672
0.43617
0.436075
0.435723
0.435695
0.434701
0.434194
0.434136
0.434047
0.433904
0.433766
0.433594
0.43316
0.433002
0.432839
0.432356
0.431996
0.431854
0.431227
0.43119
0.430694
0.430177
0.429598
0.429474
0.428904
0.428239
0.427336
0.427008
0.42694
0.426141
0.425589
0.425304
0.424881
0.424807
0.424749
0.424621
0.424606
0.424268
0.423065
0.42263
0.422259
0.42221
0.421659
0.421289
0.42051
0.420242
0.419899
0.419823
0.419773
0.419681
0.419582
0.418791
0.418704
0.418653
0.418625
0.41797
0.417744
0.416799
0.416453
0.416434
0.41601
0.41469
0.414528
0.414438
0.41406
0.413837
0.413696
0.413475
0.413018
0.412644
0.412518
0.411726
0.411688
0.411429
0.411416
0.410143
0.410081
0.40976
0.409043
0.407794
0.40777
0.407235
0.407233
0.40689
0.406806
0.406756
0.406518
0.405626
0.40502
0.404887
0.404763
0.404297
0.403523
0.403267
0.402776
0.402715
0.402692
0.402402
0.400836
0.400802
0.400731
0.400632
0.399908
0.398614
0.398117
0.397969
0.397704
0.397324
0.397126
0.397061
0.397008
0.396563
0.396098
0.395772
0.395673
0.39562
0.395106
0.394524
0.394482
0.394419
0.393786
0.39319
0.392702
0.392544
0.392075
0.391195
0.391073
0.391046
0.39104
0.390943
0.390816
0.390707
0.390677
0.390561
0.390539
0.390164
0.390124
0.389538
0.389497
0.388623
0.388146
0.387621
0.387595
0.387268
0.386912
0.386557
0.386203
0.385999
0.385432
0.385236
0.384759
0.384758
0.384544
0.383897
0.383568
0.38347
0.383407
0.383337
0.382807
0.382801
0.382015
0.381365
0.381182
0.381008
0.380908
0.380901
0.379877
0.379244
0.379031
0.37877
0.378297
0.377701
0.377563
0.376861
0.376549
0.37589
0.375316
0.375316
0.374735
0.374735
0.374132
0.37342
0.373156
0.373156
0.372948
0.372843
0.372457
0.372341
0.371851
0.371741
0.371699
0.371197
0.371072
0.371007
0.370741
0.370588
0.370316
0.369459
0.369239
0.368339
0.368049
0.36785
0.367828
0.367769
0.366907
0.366698
0.366446
0.366257
0.365934
0.365701
0.365319
0.365256
0.365186
0.365123
0.36489
0.364663
0.364549
0.363856
0.363674
0.362625
0.362143
0.361246
0.360883
0.360571
0.360374
0.359973
0.359217
0.358675
0.358609
0.358494
0.35844
0.358295
0.358005
0.357971
0.357916
0.357169
0.357098
0.356412
0.355379
0.355378
0.355188
0.35498
0.354721
0.354306
0.35423
0.354222
0.354198
0.354045
0.353875
0.353822
0.353736
0.353604
0.353542
0.35347
0.353314
0.353164
0.353079
0.35299
0.352926
0.352854
0.352839
0.352134
0.352011
0.351622
0.351461
0.351242
0.351183
0.350702
0.349922
0.349815
0.34975
0.349116
0.348946
0.348822
0.348761
0.348722
0.347981
0.347753
0.34718
0.346687
0.346612
0.346573
0.346558
0.346455
0.34625
0.346105
0.345601
0.345529
0.34525
0.34404
0.343596
0.342986
0.342889
0.342383
0.341876
0.340732
0.340157
0.339851
0.33932
0.339216
0.338586
0.338223
0.338201
0.337987
0.337541
0.336662
0.336378
0.336284
0.335861
0.335196
0.334599
0.333675
0.33269
0.332188
0.331814
0.331742
0.331647
0.330863
0.330808
0.330611
0.330531
0.330387
0.330171
0.330026
0.329285
0.328555
0.328135
0.328069
0.327869
0.32773
0.327337
0.327215
0.32691
0.326803
0.326107
0.325805
0.325749
0.325728
0.32563
0.325453
0.325419
0.325346
0.325221
0.324988
0.324713
0.324662
0.324346
0.323887
0.322974
0.322956
0.322774
0.32264
0.322408
0.3222
0.321923
0.32185
0.32185
0.321736
0.321268
0.320407
0.320351
0.320335
0.319736
0.319093
0.318982
0.31881
0.318778
0.318079
0.318013
0.31743
0.316753
0.316176
0.316123
0.316113
0.316053
0.315916
0.315475
0.315098
0.314969
0.314921
0.314919
0.314186
0.313979
0.31371
0.313094
0.312822
0.312684
0.311925
0.311892
0.311846
0.310463
0.310327
0.310162
0.310151
0.309975
0.309798
0.309616
0.309601
0.309317
0.308913
0.308407
0.308234
0.307361
0.307155
0.307008
0.306892
0.306857
0.30599
0.305973
0.30574
0.305565
0.304906
0.304733
0.304572
0.303824
0.303391
0.303355
0.303255
0.303198
0.303153
0.302776
0.302732
0.302554
0.302513
0.302476
0.302442
0.302288
0.30225
0.30152
0.301281
0.301251
0.301185
0.300708
0.300608
0.300166
0.299685
0.299317
0.299177
0.298887
0.298592
0.298369
0.297551
0.297007
0.296883
0.296818
0.296644
0.296483
0.296154
0.295867
0.295056
0.294889
0.294867
0.294824
0.294736
0.294731
0.294269
0.294259
0.293698
0.293492
0.293385
0.293337
0.293206
0.292264
0.292051
0.291842
0.291599
0.291337
0.291305
0.290869
0.290518
0.290106
0.290052
0.289646
0.289611
0.28903
0.288867
0.288867
0.288716
0.288695
0.288613
0.288003
0.287301
0.286719
0.286668
0.286328
0.285652
0.284634
0.284633
0.284308
0.284014
0.283799
0.283799
0.283672
0.283575
0.283545
0.282711
0.282604
0.28247
0.281976
0.281617
0.281605
0.280743
0.280691
0.280637
0.279575
0.279497
0.279097
0.279028
0.278983
0.278841
0.278523
0.27836
0.277483
0.27748
0.277168
0.277156
0.27715
0.276919
0.276338
0.276332
0.27631
0.276225
0.276129
0.27609
0.275961
0.275562
0.275541
0.275512
0.27547
0.27511
0.274688
0.274055
0.273988
0.273559
0.273477
0.272604
0.272593
0.272558
0.272202
0.272134
0.272045
0.271841
0.271449
0.27108
0.270817
0.270504
0.270427
0.270176
0.269893
0.269079
0.268706
0.268528
0.26818
0.268013
0.26797
0.267933
0.267659
0.267586
0.267395
0.267395
0.266958
0.266828
0.26679
0.266765
0.265873
0.265775
0.265771
0.265414
0.265356
0.265236
0.264791
0.264749
0.264457
0.264029
0.263513
0.263465
0.263458
0.263443
0.263409
0.262993
0.262854
0.262187
0.262172
0.262123
0.262104
0.262037
0.260692
0.260425
0.260097
0.259759
0.259651
0.259624
0.259561
0.259466
0.259011
0.258687
0.258653
0.258048
0.257745
0.257431
0.257252
0.257049
0.256764
0.256527
0.256471
0.256242
0.256117
0.255891
0.255623
0.255451
0.255238
0.255069
0.255028
0.254736
0.254471
0.253947
0.253838
0.253663
0.25356
0.253456
0.253247
0.253124
0.252791
0.252761
0.252725
0.252164
0.251804
0.251283
0.251163
0.251122
0.250903
0.250812
0.250731
0.25067
0.250252
0.249907
0.249895
0.249885
0.249867
0.249849
0.249698
0.249612
0.249032
0.248775
0.24874
0.248486
0.248076
0.248058
0.247526
0.247518
0.247451
0.247257
0.247044
0.246751
0.246549
0.246035
0.245835
0.245731
0.245699
0.245607
0.245434
0.245333
0.245321
0.245157
0.244933
0.244831
0.244496
0.243935
0.243933
0.243596
0.243559
0.243521
0.243356
0.243034
0.242989
0.242903
0.242347
0.24207
0.241882
0.241831
0.241783
0.241696
0.24073
0.240316
0.240231
0.240125
0.239427
0.239427
0.238701
0.238611
0.238539
0.238502
0.23848
0.23845
0.237986
0.237786
0.23774
0.237672
0.2374
0.237276
0.237238
0.237177
0.236758
0.236369
0.236367
0.236302
0.235632
0.235204
0.235091
0.235066
0.234872
0.234844
0.23447
0.233771
0.233714
0.233675
0.233441
0.233202
0.233052
0.232833
0.232757
0.232525
0.232401
0.232347
0.232223
0.232004
0.23189
0.231781
0.231747
0.231402
0.231131
0.231008
0.230993
0.23099
0.23099
0.230531
0.230321
0.230244
0.229981
0.229657
0.229442
0.229288
0.229223
0.229181
0.229102
0.228712
0.228611
0.228575
0.228348
0.228297
0.228023
0.22749
0.227337
0.227112
0.227037
0.226836
0.226721
0.226671
0.226634
0.226403
0.226078
0.22596
0.225659
0.225595
0.22531
0.225153
0.224841
0.224743
0.224431
0.224145
0.22411
0.224074
0.223981
0.223828
0.223639
0.2236
0.223417
0.223239
0.223145
0.223055
0.22299
0.222932
0.222819
0.222528
0.222392
0.222351
0.222347
0.222322
0.222271
0.222217
0.222127
0.22202
0.221846
0.221821
0.22176
0.221667
0.221632
0.221605
0.221431
0.221134
0.221125
0.220694
0.220693
0.220566
0.220377
0.220319
0.220262
0.220107
0.220107
0.220056
0.219974
0.219655
0.219581
0.219408
0.21933
0.218827
0.218036
0.217982
0.217701
0.217692
0.21749
0.216928
0.216703
0.216447
0.216404
0.216254
0.216216
0.216195
0.216151
0.216135
0.215834
0.21566
0.215508
0.215382
0.215228
0.215125
0.215069
0.214713
0.214698
0.214409
0.214345
0.214079
0.213977
0.2137
0.213564
0.213516
0.213248
0.213212
0.213115
0.213069
0.212954
0.212634
0.212492
0.212242
0.21214
0.212043
0.211991
0.211807
0.211787
0.21166
0.211489
0.211385
0.211258
0.211175
0.211161
0.211138
0.210985
0.210895
0.210795
0.210692
0.210587
0.210568
0.210321
0.21028
0.210212
0.210157
0.209939
0.217857
0.217786
0.217775
0.217613
0.217607
0.2176
0.21758
0.217568
0.217499
0.216864
0.216712
0.216654
0.216564
0.216493
0.216406
0.216348
0.216338
0.216252
0.216235
0.216128
0.215901
0.215897
0.215376
0.21534
0.215276
0.215106
0.214671
0.214399
0.214231
0.213879
0.213778
0.213095
0.213041
0.212614
0.212614
0.212583
0.21209
0.211871
0.211742
0.211586
0.211474
0.211099
0.210747
0.210637
0.21044
0.21027
0.210132
0.209954
0.209934
0.209839
0.209736
0.209515
0.209119
0.208991
0.208919
0.208808
0.20864
0.208505
0.208505
0.20838
0.208197
0.208171
0.208005
0.207864
0.20784
0.207586
0.207435
0.207399
0.207329
0.20696
0.206949
0.206765
0.206678
0.206609
0.206511
0.206086
0.205671
0.205507
0.205373
0.205358
0.20535
0.205287
0.205276
0.205224
0.205095
0.205087
0.204472
0.2044
0.203704
0.203574
0.203545
0.203465
0.203391
0.203285
0.20305
0.202969
0.202934
0.202628
0.202571
0.202564
0.202519
0.202406
0.202367
0.202086
0.20208
0.201884
0.201855
0.201603
0.201487
0.201334
0.201325
0.201212
0.201163
0.201163
0.201136
0.201087
0.200933
0.20088
0.20063
0.200572
0.200105
0.200054
0.199873
0.199717
0.199564
0.199549
0.199099
0.199058
0.198999
0.198733
0.198691
0.198676
0.198458
0.197957
0.197798
0.19714
0.19705
0.196724
0.196673
0.196632
0.196624
0.19655
0.196205
0.196193
0.19614
0.196113
0.196014
0.195584
0.195251
0.195167
0.195153
0.195062
0.194861
0.19457
0.194514
0.194506
0.194277
0.194245
0.194238
0.194179
0.194098
0.193984
0.193965
0.193884
0.193811
0.193685
0.193508
0.193278
0.193092
0.192739
0.192488
0.192393
0.192285
0.192279
0.191949
0.191788
0.191723
0.191718
0.191683
0.191567
0.191525
0.191459
0.191291
0.191186
0.191171
0.191125
0.19105
0.191047
0.190974
0.190952
0.190776
0.190477
0.190227
0.18976
0.189609
0.189401
0.189401
0.18932
0.189108
0.18883
0.188294
0.187745
0.18759
0.187101
0.187051
0.186586
0.186578
0.186189
0.185629
0.185626
0.185553
0.185553
0.1855
0.18544
0.184487
0.184328
0.184267
0.184249
0.184234
0.184009
0.183677
0.183581
0.183566
0.183395
0.183358
0.183358
0.183303
0.183225
0.183195
0.182984
0.182818
0.18243
0.18237
0.182329
0.18222
0.182193
0.182037
0.181937
0.181857
0.18182
0.181695
0.181675
0.181658
0.181466
0.181335
0.181162
0.181066
0.181062
0.180848
0.180732
0.180549
0.180457
0.180212
0.179833
0.179651
0.179418
0.179395
0.179261
0.179
0.178892
0.178867
0.178794
0.178788
0.178213
0.178035
0.177989
0.177915
0.177877
0.177799
0.177671
0.177658
0.177426
0.177205
0.176883
0.176875
0.176766
0.176718
0.17652
0.176385
0.176345
0.176278
0.176108
0.176082
0.17598
0.175935
0.175827
0.175717
0.175592
0.175457
0.175378
0.175072
0.175071
0.174932
0.174746
0.174722
0.174598
0.174576
0.17452
0.174234
0.174224
0.174144
0.174085
0.173866
0.173839
0.173654
0.173608
0.173377
0.173181
0.173081
0.172773
0.17272
0.172711
0.172576
0.172551
0.172393
0.171757
0.171706
0.171692
0.171508
0.171427
0.171258
0.170998
0.170967
0.170951
0.17093
0.170816
0.170812
0.170799
0.170776
0.170771
0.170744
0.170513
0.170451
0.170329
0.170124
0.170106
0.170087
0.169854
0.169743
0.16969
0.169332
0.169288
0.169232
0.16905
0.169035
0.168879
0.168796
0.168539
0.168458
0.168216
0.1682
0.16819
0.167969
0.167817
0.167686
0.167649
0.167601
0.167469
0.167449
0.167408
0.167281
0.167274
0.167229
0.167215
0.16712
0.167058
0.167036
0.166859
0.166778
0.166674
0.166405
0.166215
0.166157
0.16593
0.165756
0.16554
0.165493
0.16534
0.165132
0.164987
0.16494
0.164822
0.16457
0.164551
0.164547
0.164486
0.164326
0.16428
0.16428
0.163841
0.16372
0.163485
0.163485
0.163338
0.163338
0.163262
0.16325
0.163164
0.163156
0.16313
0.162978
0.1627
0.16266
0.162606
0.162598
0.162594
0.162544
0.162489
0.162438
0.162369
0.162354
0.162143
0.16196
0.16182
0.161728
0.161659
0.161561
0.161521
0.161172
0.161131
0.161111
0.160498
0.160478
0.160289
0.160163
0.16008
0.16006
0.159893
0.15956
0.159268
0.159189
0.159176
0.159094
0.158723
0.158704
0.158672
0.158519
0.158432
0.158393
0.158362
0.158342
0.158315
0.158176
0.158148
0.158097
0.158025
0.157913
0.157886
0.157713
0.157676
0.157668
0.157611
0.157569
0.157483
0.157476
0.15742
0.157348
0.157305
0.157284
0.157185
0.157178
0.156994
0.156881
0.156881
0.15677
0.15646
0.156202
0.156122
0.156019
0.15594
0.155917
0.155909
0.155872
0.155832
0.155827
0.155812
0.155804
0.155785
0.155579
0.155577
0.155544
0.155456
0.155353
0.155226
0.155056
0.15491
0.154794
0.154649
0.154611
0.154566
0.154379
0.15436
0.154344
0.15431
0.154234
0.154184
0.154162
0.154127
0.15408
0.154076
0.15402
0.15381
0.153771
0.153771
0.153725
0.153689
0.153628
0.153391
0.153261
0.153237
0.153231
0.153206
0.153156
0.15315
0.153144
0.153084
0.153017
0.152874
0.152818
0.15255
0.152546
0.152503
0.152496
0.152453
0.152451
0.152369
0.152039
0.151933
0.151872
0.151868
0.151809
0.151772
0.15169
0.151668
0.151649
0.151576
0.151572
0.151463
0.151314
0.151145
0.151122
0.151117
0.151111
0.150818
0.150801
0.150752
0.150712
0.150708
0.150632
0.150569
0.150518
0.150464
0.150426
0.150425
0.150371
0.150349
0.150248
0.150223
0.149917
0.149808
0.149735
0.149735
0.149645
0.14958
0.149563
0.149281
0.149224
0.149198
0.149153
0.149117
0.149014
0.14898
0.148948
0.148797
0.14863
0.148621
0.148572
0.148459
0.148296
0.148155
0.14808
0.148002
0.147836
0.147823
0.147795
0.147625
0.147616
0.14747
0.147353
0.147261
0.147259
0.147171
0.146946
0.146885
0.146857
0.146856
0.146784
0.146748
0.146548
0.14613
0.146078
0.146069
0.146042
0.146034
0.146028
0.14601
0.145824
0.145823
0.145679
0.145666
0.145661
0.145613
0.145595
0.145481
0.145478
0.145367
0.145349
0.145282
0.145267
0.145254
0.145242
0.145186
0.145173
0.145016
0.144998
0.144979
0.144848
0.144733
0.144687
0.144589
0.144562
0.144462
0.144298
0.144216
0.144184
0.144046
0.144034
0.144001
0.143997
0.143968
0.143792
0.143569
0.143215
0.143143
0.143039
0.142997
0.142844
0.142831
0.142743
0.142677
0.14259
0.142567
0.142488
0.142431
0.142397
0.142285
0.142076
0.14204
0.142027
0.142026
0.141937
0.141803
0.141748
0.141748
0.141694
0.141637
0.141535
0.141501
0.141379
0.141372
0.141368
0.141345
0.141178
0.141157
0.141154
0.141126
0.14109
0.14108
0.141077
0.141066
0.14103
0.140995
0.140697
0.14061
0.140591
0.140573
0.140548
0.14047
0.14004
0.139992
0.139934
0.139904
0.139867
0.139807
0.139679
0.13954
0.139521
0.139481
0.139212
0.139167
0.139103
0.138898
0.138885
0.138767
0.138604
0.138562
0.138532
0.138478
0.13847
0.138445
0.138203
0.138127
0.138068
0.138045
0.138019
0.137997
0.137694
0.137627
0.137453
0.137423
0.137388
0.137383
0.137355
0.1373
0.137193
0.137152
0.137134
0.137127
0.137124
0.137109
0.136952
0.136936
0.136836
0.136825
0.136749
0.136618
0.136565
0.13656
0.136524
0.136509
0.136497
0.136479
0.136438
0.136409
0.136296
0.13617
0.136069
0.136058
0.13605
0.135973
0.135917
0.135894
0.135795
0.135753
0.135672
0.13566
0.13564
0.13558
0.135507
0.135424
0.135271
0.135197
0.134844
0.13478
0.134567
0.134515
0.134425
0.134194
0.13416
0.134001
0.133999
0.13395
0.133906
0.133903
0.1339
0.133855
0.133732
0.133726
0.133546
0.133418
0.133304
0.133193
0.133162
0.133089
0.133073
0.133059
0.133058
0.133014
0.132991
0.13279
0.132682
0.132525
0.132386
0.132324
0.132306
0.132151
0.132131
0.13212
0.132028
0.131983
0.131958
0.131786
0.131687
0.131668
0.131609
0.131606
0.13159
0.131538
0.131537
0.131532
0.13144
0.131405
0.131388
0.131321
0.131267
0.131151
0.130858
0.130842
0.130763
0.154227
0.15419
0.15418
0.154003
0.153998
0.153966
0.153918
0.15389
0.153851
0.153808
0.153595
0.153469
0.153414
0.153251
0.153217
0.153207
0.152978
0.152971
0.152945
0.152891
0.152647
0.152583
0.152483
0.152425
0.152398
0.152382
0.152339
0.152207
0.152044
0.151965
0.1518
0.151602
0.151569
0.151422
0.151368
0.151214
0.151154
0.151125
0.151097
0.151082
0.151036
0.151026
0.150945
0.150861
0.150853
0.150715
0.150671
0.150663
0.150455
0.150415
0.150402
0.150353
0.150313
0.15012
0.150066
0.15003
0.14989
0.149845
0.149618
0.14955
0.149397
0.149379
0.149165
0.149159
0.149146
0.149049
0.148897
0.148881
0.148842
0.148791
0.148778
0.148765
0.148742
0.148741
0.148675
0.148649
0.148612
0.148456
0.148409
0.148396
0.148279
0.148131
0.148059
0.147963
0.147931
0.147922
0.14782
0.14782
0.147812
0.147703
0.147699
0.147651
0.147612
0.147598
0.147415
0.147407
0.1474
0.147305
0.1473
0.147255
0.147188
0.14715
0.147091
0.147053
0.147049
0.146992
0.14691
0.146747
0.146638
0.146609
0.146559
0.146442
0.146293
0.146216
0.146198
0.146179
0.146178
0.146109
0.145965
0.145943
0.145846
0.145828
0.145815
0.145813
0.145614
0.145555
0.145547
0.145496
0.14544
0.145401
0.145319
0.145304
0.145266
0.145259
0.145216
0.145209
0.14518
0.145126
0.145065
0.145004
0.144951
0.144926
0.144899
0.144899
0.144852
0.144832
0.144814
0.144474
0.144428
0.144368
0.144347
0.14434
0.14431
0.144251
0.144221
0.144152
0.144014
0.144008
0.143985
0.143967
0.143854
0.14361
0.143588
0.14358
0.143565
0.143528
0.143461
0.143448
0.143393
0.143207
0.143132
0.143095
0.143067
0.142979
0.142903
0.142881
0.14284
0.142835
0.14277
0.142763
0.142639
0.142609
0.142575
0.142555
0.142529
0.142521
0.142503
0.14249
0.142478
0.142462
0.142291
0.142125
0.142072
0.14205
0.141977
0.141967
0.141844
0.141786
0.141778
0.14177
0.14175
0.141726
0.141715
0.141645
0.14142
0.141381
0.141357
0.141294
0.141231
0.141229
0.141196
0.141143
0.141127
0.141012
0.140957
0.140892
0.140882
0.14083
0.140642
0.140641
0.140237
0.140237
0.140133
0.140096
0.140035
0.140033
0.14001
0.13997
0.139925
0.139892
0.139887
0.139789
0.139729
0.139693
0.139572
0.139551
0.13938
0.139245
0.139173
0.139113
0.13906
0.13903
0.139023
0.138961
0.138947
0.13887
0.13887
0.138841
0.138803
0.1388
0.138795
0.13879
0.138726
0.138691
0.138686
0.138671
0.138639
0.138606
0.138551
0.138547
0.138507
0.138483
0.138459
0.138434
0.13831
0.138216
0.138208
0.138063
0.138058
0.138047
0.137971
0.137838
0.137799
0.137771
0.137703
0.137639
0.137602
0.137566
0.137566
0.137563
0.137562
0.137535
0.137516
0.13748
0.137468
0.137447
0.137384
0.137384
0.137363
0.137351
0.13718
0.137076
0.13696
0.136947
0.136935
0.136919
0.136828
0.136729
0.136719
0.136694
0.136546
0.136472
0.136456
0.136428
0.136342
0.136318
0.136229
0.136176
0.136159
0.136122
0.13607
0.136068
0.135923
0.135834
0.135801
0.135801
0.135742
0.135687
0.135631
0.135615
0.135576
0.135572
0.135566
0.135539
0.135404
0.135398
0.135296
0.135276
0.135244
0.135162
0.135123
0.135116
0.135082
0.13508
0.134996
0.134947
0.134926
0.134911
0.134906
0.13487
0.134847
0.134827
0.134795
0.134777
0.134762
0.134735
0.134731
0.134665
0.13466
0.134641
0.134627
0.134508
0.134277
0.13412
0.134111
0.134097
0.134087
0.134049
0.134045
0.134044
0.134026
0.13395
0.133903
0.133821
0.133804
0.133801
0.133727
0.133644
0.133397
0.133372
0.133368
0.133367
0.133236
0.133148
0.13311
0.133043
0.132973
0.132971
0.132921
0.132885
0.132821
0.132779
0.132777
0.132693
0.132621
0.132588
0.132571
0.13253
0.132474
0.132466
0.132349
0.132203
0.132142
0.132138
0.132082
0.131991
0.131989
0.13191
0.131855
0.131814
0.131738
0.131707
0.131706
0.131679
0.131647
0.131624
0.131602
0.131548
0.131426
0.131419
0.131398
0.131383
0.131311
0.131268
0.13126
0.131249
0.131226
0.13121
0.131152
0.131124
0.131051
0.131027
0.130976
0.130974
0.13093
0.130925
0.130922
0.1309
0.130886
0.130881
0.13087
0.130844
0.130813
0.130742
0.130637
0.130602
0.130499
0.130491
0.130463
0.130407
0.13039
0.13036
0.130339
0.130249
0.130242
0.130174
0.130117
0.130101
0.130063
0.130045
0.130043
0.130003
0.129985
0.129914
0.129894
0.129865
0.12982
0.129784
0.129631
0.12963
0.1296
0.129563
0.12956
0.129437
0.129411
0.129397
0.129368
0.12935
0.129329
0.129318
0.129317
0.129254
0.129199
0.129191
0.12914
0.129089
0.129059
0.128864
0.128805
0.128714
0.128638
0.128586
0.128521
0.128517
0.128499
0.128488
0.128437
0.128421
0.128418
0.128368
0.128325
0.128325
0.128189
0.128153
0.128105
0.127958
0.127913
0.127896
0.127876
0.127872
0.127871
0.12777
0.127757
0.127746
0.12765
0.12764
0.127631
0.127572
0.127567
0.127559
0.127541
0.12744
0.12744
0.127434
0.127415
0.127339
0.12733
0.127298
0.127294
0.127275
0.127274
0.127247
0.127246
0.127213
0.127171
0.127151
0.127061
0.127027
0.126996
0.126945
0.126901
0.126887
0.126877
0.126871
0.126842
0.126802
0.126799
0.126525
0.126453
0.12637
0.126347
0.126333
0.12632
0.126314
0.126307
0.126302
0.126287
0.126282
0.126274
0.126179
0.126158
0.126086
0.125994
0.12598
0.125872
0.125755
0.125721
0.125693
0.125657
0.12565
0.125646
0.125628
0.125614
0.125609
0.125571
0.125516
0.125503
0.12545
0.125442
0.125441
0.125441
0.12544
0.125364
0.125353
0.125337
0.125303
0.125251
0.125222
0.125219
0.125218
0.125135
0.12512
0.125094
0.125086
0.125085
0.125073
0.125072
0.125037
0.125024
0.125024
0.125011
0.124931
0.124846
0.124843
0.12483
0.124792
0.124787
0.124654
0.124648
0.124641
0.124593
0.124587
0.124557
0.124507
0.124493
0.124405
0.124372
0.124227
0.124163
0.124056
0.123975
0.123951
0.123912
0.123883
0.123867
0.123824
0.123815
0.123786
0.123715
0.123701
0.123695
0.123635
0.123487
0.12343
0.123381
0.123377
0.123363
0.123349
0.123338
0.12333
0.123312
0.123261
0.123247
0.123225
0.123223
0.123198
0.123181
0.123179
0.123153
0.123135
0.123122
0.123115
0.12311
0.12299
0.122975
0.122934
0.122905
0.122862
0.122859
0.122767
0.122747
0.122743
0.122735
0.122682
0.122671
0.122645
0.122643
0.122623
0.122573
0.12254
0.12253
0.122498
0.122458
0.122359
0.12232
0.122309
0.12227
0.122263
0.122213
0.122171
0.12217
0.122105
0.122039
0.122022
0.122019
0.121969
0.121919
0.121898
0.121842
0.121789
0.121787
0.121781
0.121763
0.121729
0.121691
0.121679
0.121632
0.121602
0.121591
0.121569
0.121539
0.121538
0.121484
0.121481
0.121451
0.121442
0.121411
0.121403
0.121394
0.121357
0.121323
0.121276
0.121246
0.121226
0.121201
0.121193
0.12118
0.121159
0.121148
0.121076
0.121056
0.121013
0.12099
0.12092
0.12091
0.120881
0.120876
0.120876
0.120857
0.120808
0.120781
0.120731
0.120705
0.120669
0.120665
0.120656
0.120629
0.120595
0.120569
0.120563
0.12055
0.120515
0.120471
0.120454
0.120393
0.120357
0.120347
0.120258
0.120222
0.120187
0.120169
0.120164
0.120158
0.120122
0.120114
0.120103
0.120071
0.12006
0.120018
0.119981
0.119888
0.119829
0.119792
0.11979
0.119789
0.11977
0.11974
0.119718
0.119642
0.119611
0.11959
0.119577
0.119574
0.119573
0.119516
0.119481
0.119461
0.119395
0.119381
0.121676
0.121675
0.121638
0.121638
0.121628
0.121593
0.121561
0.121557
0.121557
0.12151
0.121474
0.121411
0.121397
0.121374
0.12137
0.121341
0.121337
0.121336
0.121304
0.121301
0.121296
0.121263
0.121262
0.121237
0.121148
0.121148
0.121145
0.121137
0.121135
0.121129
0.121073
0.121073
0.121017
0.120977
0.120956
0.120933
0.120917
0.120875
0.120839
0.120789
0.120786
0.120771
0.120748
0.120726
0.120701
0.120683
0.120678
0.120673
0.12067
0.120662
0.120591
0.12056
0.12056
0.120545
0.120468
0.120344
0.120315
0.120273
0.12026
0.12026
0.120254
0.120253
0.120247
0.12023
0.120216
0.120201
0.120187
0.120167
0.120161
0.12015
0.120139
0.120139
0.12013
0.120129
0.120127
0.120112
0.12011
0.120084
0.120078
0.120046
0.120042
0.120012
0.120004
0.120004
0.119999
0.119967
0.119966
0.119957
0.119943
0.119942
0.11991
0.119905
0.119865
0.119828
0.119802
0.119756
0.119755
0.11974
0.119727
0.119724
0.119688
0.119642
0.11962
0.119618
0.119591
0.119532
0.119481
0.119469
0.119466
0.119456
0.119441
0.119434
0.11943
0.119355
0.11935
0.119337
0.119295
0.119291
0.119288
0.11927
0.119255
0.119213
0.119205
0.119119
0.119098
0.119096
0.119095
0.119093
0.119083
0.119066
0.119064
0.119054
0.119054
0.119035
0.119008
0.119001
0.118999
0.118976
0.118933
0.118924
0.118897
0.118877
0.118876
0.118849
0.118822
0.118818
0.1188
0.118783
0.118754
0.118716
0.118707
0.118702
0.1187
0.118692
0.118674
0.118674
0.118608
0.11859
0.118588
0.118569
0.118547
0.118546
0.118546
0.118524
0.118494
0.118469
0.118468
0.118464
0.118425
0.118419
0.118415
0.118388
0.118376
0.118346
0.118344
0.118336
0.118324
0.118243
0.118214
0.118194
0.118151
0.118144
0.118127
0.11811
0.118108
0.11806
0.11805
0.117996
0.117929
0.117887
0.117881
0.117876
0.117863
0.117856
0.117822
0.117809
0.117792
0.117792
0.117766
0.117736
0.11772
0.117669
0.117666
0.117654
0.117623
0.11753
0.117528
0.117487
0.117475
0.117383
0.117342
0.117341
0.117318
0.117283
0.117272
0.117256
0.117246
0.117226
0.117202
0.117156
0.117133
0.117112
0.117104
0.117079
0.117068
0.117066
0.117037
0.117033
0.116996
0.116952
0.11695
0.116946
0.116946
0.11694
0.11693
0.116914
0.116891
0.116878
0.116868
0.116863
0.116859
0.116853
0.116842
0.116827
0.116799
0.116771
0.116771
0.116737
0.116735
0.116716
0.116702
0.11669
0.116688
0.116655
0.116635
0.116634
0.116629
0.116564
0.116561
0.116545
0.11651
0.116504
0.116492
0.116488
0.116448
0.116442
0.116432
0.116417
0.116404
0.116376
0.116355
0.116345
0.116322
0.116307
0.116289
0.116233
0.116221
0.116174
0.116124
0.116102
0.116096
0.116037
0.116036
0.115968
0.115967
0.11594
0.115937
0.115907
0.11588
0.115855
0.115851
0.115831
0.115829
0.115801
0.115766
0.115762
0.115755
0.115753
0.115729
0.115727
0.115706
0.115699
0.115699
0.115698
0.115696
0.115687
0.115687
0.115686
0.115675
0.115671
0.115662
0.115654
0.11561
0.115601
0.115598
0.115597
0.115587
0.115543
0.115476
0.11547
0.115462
0.11546
0.115435
0.11542
0.115396
0.115393
0.115357
0.115328
0.115266
0.115223
0.115213
0.115199
0.115158
0.115128
0.115121
0.115094
0.115093
0.115076
0.115006
0.115006
0.114967
0.114966
0.114955
0.114943
0.114938
0.114931
0.114922
0.114912
0.11489
0.114886
0.114871
0.114854
0.114853
0.11483
0.114807
0.114764
0.114755
0.11475
0.114689
0.114667
0.114662
0.114649
0.11464
0.114639
0.114609
0.114583
0.114571
0.11453
0.114518
0.114517
0.1145
0.114498
0.114487
0.114481
0.114472
0.114463
0.114442
0.114426
0.114423
0.114403
0.114394
0.11439
0.114382
0.114378
0.114332
0.114321
0.114313
0.114306
0.114293
0.114281
0.114273
0.114271
0.114242
0.114231
0.114209
0.114199
0.114177
0.114166
0.114164
0.114141
0.114123
0.114059
0.114051
0.114048
0.114042
0.114028
0.114004
0.114003
0.113957
0.11393
0.113921
0.113902
0.11389
0.113889
0.113887
0.113866
0.113819
0.113799
0.113785
0.113731
0.113728
0.113724
0.113691
0.11368
0.11365
0.113646
0.113642
0.113628
0.113624
0.113612
0.113611
0.113585
0.113545
0.11354
0.11353
0.113516
0.113507
0.113473
0.113427
0.113412
0.113321
0.113304
0.113303
0.113296
0.113285
0.113283
0.113259
0.11324
0.113217
0.113212
0.1132
0.113194
0.113188
0.113165
0.113147
0.113144
0.113129
0.113129
0.113112
0.113102
0.113088
0.113071
0.113022
0.113021
0.11301
0.113005
0.112993
0.112987
0.11298
0.112974
0.1129
0.112895
0.112889
0.112869
0.112854
0.112853
0.112848
0.112848
0.11284
0.112787
0.11278
0.11274
0.112716
0.112704
0.112703
0.112697
0.112667
0.112653
0.112652
0.112651
0.112646
0.112622
0.112602
0.1126
0.112587
0.112572
0.112525
0.112522
0.112512
0.112496
0.11247
0.112454
0.11245
0.112447
0.112423
0.112405
0.112393
0.112386
0.112368
0.112354
0.112346
0.112314
0.112313
0.112301
0.112295
0.112289
0.112278
0.112278
0.112276
0.112274
0.112238
0.112232
0.112225
0.112204
0.112199
0.112193
0.112174
0.112167
0.112113
0.112095
0.112076
0.112062
0.112036
0.111992
0.111989
0.111978
0.11195
0.111946
0.111916
0.111913
0.111912
0.111894
0.111888
0.111862
0.111834
0.111833
0.111814
0.111814
0.111814
0.111808
0.111799
0.111791
0.111787
0.111763
0.11176
0.111752
0.11171
0.111709
0.111706
0.111698
0.111691
0.111659
0.111639
0.111608
0.111601
0.111595
0.111591
0.11159
0.111563
0.111555
0.111514
0.111485
0.111466
0.111455
0.111453
0.111445
0.111442
0.111441
0.111422
0.111413
0.111383
0.111353
0.111318
0.111304
0.111235
0.111186
0.111168
0.111166
0.111164
0.111159
0.111152
0.111139
0.111124
0.111113
0.111106
0.111441
0.111429
0.111427
0.111426
0.111422
0.111411
0.111406
0.111406
0.111401
0.111396
0.111376
0.111359
0.111349
0.111349
0.111332
0.111331
0.11132
0.111311
0.111289
0.111274
0.111246
0.111241
0.111235
0.111234
0.11123
0.111215
0.111208
0.111192
0.111176
0.111169
0.111152
0.111136
0.111104
0.1111
0.111098
0.111094
0.11107
0.111054
0.111048
0.111019
0.111002
0.111001
0.110992
0.110991
0.110979
0.110972
0.110949
0.110941
0.11092
0.110908
0.110857
0.110833
0.110824
0.110821
0.110815
0.110806
0.110801
0.110737
0.110731
0.11072
0.110719
0.110703
0.110622
0.110617
0.110616
0.11061
0.1106
0.110561
0.110526
0.110524
0.110512
0.110512
0.110489
0.110484
0.110483
0.110476
0.110436
0.110392
0.11038
0.110375
0.110364
0.110358
0.110357
0.110352
0.110338
0.110334
0.110331
0.110327
0.110274
0.110266
0.11023
0.110218
0.110218
0.110183
0.110179
0.110167
0.110156
0.110154
0.110139
0.11013
0.110127
0.11008
0.110073
0.11005
0.110044
0.110042
0.110032
0.110004
0.109986
0.10996
0.109925
0.109884
0.10988
0.109873
0.109871
0.109861
0.109847
0.109821
0.109804
0.1098
0.10979
0.10978
0.109773
0.109773
0.109771
0.109764
0.109762
0.109756
0.109747
0.109745
0.109735
0.109692
0.109689
0.109688
0.109664
0.109617
0.109599
0.109589
0.109564
0.109557
0.109548
0.109545
0.109535
0.10953
0.109511
0.109494
0.10949
0.109475
0.109474
0.109453
0.109451
0.109449
0.109448
0.109419
0.109418
0.109417
0.109405
0.109405
0.109379
0.109352
0.109343
0.109324
0.109322
0.109311
0.109309
0.109308
0.109295
0.109285
0.109261
0.109255
0.109253
0.10923
0.109203
0.1092
0.109198
0.109176
0.109156
0.109152
0.109129
0.109128
0.109128
0.109107
0.109105
0.109089
0.109088
0.109088
0.109086
0.109084
0.109071
0.109069
0.109059
0.109044
0.109043
0.109029
0.108999
0.108996
0.108995
0.108995
0.108969
0.108967
0.108962
0.108937
0.108921
0.10891
0.108909
0.108899
0.10889
0.108889
0.108881
0.108877
0.108858
0.108855
0.108841
0.108839
0.108839
0.108833
0.108824
0.108824
0.108818
0.108816
0.108816
0.108806
0.10879
0.108758
0.108757
0.108752
0.108751
0.108746
0.108745
0.108741
0.108738
0.108737
0.108732
0.108724
0.108719
0.108679
0.10867
0.108662
0.10866
0.10866
0.10866
0.108649
0.108648
0.108603
0.108602
0.10859
0.108586
0.108575
0.108563
0.108547
0.108547
0.10854
0.108526
0.108505
0.108493
0.108491
0.108489
0.108488
0.108485
0.108467
0.108461
0.108435
0.108429
0.108418
0.108406
0.108404
0.10839
0.10839
0.108389
0.108385
0.108385
0.108379
0.108365
0.108353
0.108351
0.10834
0.10834
0.108338
0.108323
0.108312
0.108302
0.108299
0.108287
0.108284
0.108265
0.108265
0.108265
0.108249
0.108249
0.108247
0.108243
0.108229
0.108217
0.108215
0.108213
0.108212
0.108188
0.108172
0.108171
0.108168
0.108157
0.108137
0.10813
0.108119
0.108115
0.108113
0.108099
0.108097
0.108091
0.10803
0.108017
0.108014
0.108
0.107987
0.107983
0.107981
0.107979
0.107975
0.107974
0.107968
0.10796
0.107955
0.107949
0.107948
0.107948
0.107936
0.107912
0.107891
0.107885
0.107855
0.107841
0.107839
0.107834
0.107827
0.107826
0.107825
0.107821
0.107818
0.107806
0.107795
0.107793
0.107788
0.107778
0.107769
0.10774
0.107736
0.107732
0.107718
0.107714
0.10771
0.107701
0.107678
0.107678
0.107671
0.107669
0.107626
0.107623
0.107608
0.107572
0.107564
0.107561
0.107542
0.107541
0.107522
0.107521
0.107514
0.107509
0.107503
0.107464
0.107456
0.107455
0.10745
0.107448
0.107442
0.10744
0.107438
0.107431
0.107424
0.107422
0.1074
0.107396
0.107395
0.107393
0.107362
0.107361
0.107358
0.107352
0.107351
0.107337
0.107336
0.107317
0.107315
0.107313
0.107312
0.107277
0.107273
0.107269
0.107249
0.107246
0.107245
0.107236
0.107233
0.107231
0.10723
0.107228
0.107224
0.107219
0.107217
0.107215
0.107215
0.107214
0.107198
0.107197
0.10719
0.10719
0.107184
0.107177
0.107164
0.107163
0.10716
0.10716
0.107158
0.107147
0.107146
0.10714
0.107123
0.107111
0.107107
0.107107
0.107091
0.107089
0.107085
0.107084
0.107081
0.10708
0.107067
0.10706
0.107057
0.107056
0.107044
0.107031
0.107016
0.107012
0.107009
0.107008
0.107
0.106996
0.106995
0.10695
0.106929
0.106926
0.10692
0.106916
0.106905
0.1069
0.106894
0.106883
0.106877
0.106877
0.106868
0.106867
0.10683
0.106827
0.106801
0.106797
0.106789
0.106763
0.10676
0.106759
0.106716
0.106709
0.106698
0.106694
0.106693
0.106686
0.106682
0.106677
0.106672
0.106668
0.106654
0.106651
0.106647
0.106647
0.106641
0.106637
0.106628
0.106584
0.106581
0.106578
0.106578
0.106573
0.106569
0.106565
0.106562
0.106555
0.106554
0.106553
0.106547
0.106542
0.106524
0.106496
0.10649
0.106488
0.106486
0.106483
0.106481
0.106468
0.106466
0.10646
0.106458
0.106449
0.106446
0.106444
0.106443
0.106431
0.106425
0.106422
0.106421
0.106395
0.106392
0.106392
0.106377
0.106372
0.106369
0.106365
0.106359
0.106346
0.106346
0.106343
0.106342
0.106339
0.106338
0.106334
0.106334
0.106323
0.106322
0.106311
0.10631
0.106289
0.106286
0.106286
0.106269
0.106265
0.106251
0.106245
0.106238
0.106238
0.106207
0.106188
0.106183
0.106183
0.106172
0.106167
0.10616
0.106155
0.106124
0.106107
0.1061
0.106098
0.106094
0.10609
0.106088
0.106082
0.106077
0.106076
0.106073
0.106062
0.106045
0.106038
0.106035
0.105997
0.105991
0.105982
0.105981
0.10598
0.105971
0.10596
0.105951
0.105939
0.105935
0.105925
0.10592
0.10591
0.105896
0.105894
0.105894
0.105878
0.105874
0.105846
0.105842
0.10584
0.105823
0.105822
0.10581
0.105793
0.105782
0.10578
0.105773
0.105758
0.105751
0.105736
0.105732
0.105732
0.105721
0.105719
0.105718
0.105701
0.1057
0.105699
0.105691
0.105691
0.105673
0.105663
0.105663
0.105655
0.105654
0.105654
0.105651
0.105638
0.105637
0.105635
0.105622
0.105619
0.105618
0.105611
0.105601
0.105596
0.105585
0.105578
0.10557
0.105567
0.10555
0.105547
0.105547
0.105529
0.105528
0.105517
0.105511
0.105509
0.105501
0.105487
0.105483
0.105476
0.10546
0.105454
0.105449
0.105444
0.105443
0.105437
0.105435
0.105431
0.105421
0.10542
0.105418
0.105414
0.105411
0.105392
0.105386
0.105381
0.105381
0.105373
0.105366
0.105362
0.105359
0.105344
0.105315
0.105315
0.105311
0.105304
0.105295
0.105286
0.105278
0.105269
0.105267
0.105248
0.105242
0.105241
0.105231
0.105228
0.105228
0.10522
0.10522
0.105219
0.105197
0.105195
0.105183
0.105179
0.105172
0.10517
0.105169
0.105166
0.105155
0.105155
0.105144
0.105126
0.105116
0.10511
0.105109
0.105106
0.105104
0.105097
0.105096
0.105085
0.10508
0.105066
0.105063
0.105057
0.105057
0.105051
0.105047
0.10504
0.105023
0.105019
0.105018
0.105016
0.105007
0.105007
0.105004
0.105004
0.104995
0.104993
0.104993
0.104991
0.104979
0.104976
0.104975
0.104975
0.10497
0.104968
0.104968
0.104958
0.104957
0.104944
0.104938
0.104902
0.104897
0.104889
0.104887
0.104886
0.104886
0.104874
0.104872
0.104872
0.104858
0.104857
0.104843
0.104833
0.104823
0.104819
0.104803
0.104783
0.104775
0.104765
0.104764
0.10476
0.104755
0.104755
0.104754
0.104747
0.104745
0.104743
0.10474
0.104738
0.104735
0.104733
0.10473
0.104715
0.104686
0.104685
0.104681
0.104679
0.104678
0.104669
0.104663
0.10465
0.104639
0.104638
0.104624
0.10462
0.104611
0.104611
0.1046
0.104598
0.104596
0.104595
0.104595
0.104585
0.104584
0.104575
0.104568
0.104564
0.104552
0.10455
0.104545
0.104538
0.104534
0.104532
0.104531
0.104525
0.104521
0.104511
0.104482
0.10448
0.10448
0.104471
0.104441
0.10444
0.104429
0.104422
0.104419
0.104418
0.104415
0.104413
0.10441
0.104408
0.104406
0.104403
0.104383
0.104383
0.104382
0.10438
0.104374
0.104368
0.104359
0.104358
0.104353
0.104348
0.104346
0.104342
0.10434
0.104335
0.104319
0.104318
0.104315
0.104307
0.104305
0.104304
0.104302
0.104299
0.104297
0.10429
0.10429
0.104285
0.104285
0.104281
0.104264
0.104253
0.104253
0.104248
0.104247
0.104243
0.104234
0.104229
0.104227
0.104226
0.104224
0.104222
0.10422
0.10422
0.104214
0.104211
0.104209
0.104186
0.104186
0.104186
0.104185
0.10418
0.104178
0.10417
0.104169
0.104166
0.104162
0.104157
0.104138
0.104124
0.104114
0.104112
0.104093
0.104071
0.104071
0.104063
0.104056
0.104041
0.104031
0.104029
0.104027
0.10402
0.10401
0.104003
0.104002
0.104001
0.103999
0.103999
0.103996
0.103985
0.103984
0.103974
0.103973
0.103967
0.103967
0.103951
0.10395
0.103933
0.103931
0.103929
0.103924
0.103919
0.103912
0.103903
0.1039
0.103899
0.103896
0.103896
0.103891
0.103888
0.103886
0.103873
0.103869
0.103867
0.10386
0.103858
0.103848
0.103843
0.103843
0.103836
0.103833
0.103832
0.10383
0.103829
0.103827
0.103816
0.103806
0.103799
0.103795
0.103786
0.103785
0.103785
0.103784
0.103767
0.103764
0.103758
0.103757
0.103756
0.103753
0.103747
0.103745
0.103739
0.103738
0.103737
0.103736
0.103734
0.103727
0.10372
0.103717
0.103711
0.103711
0.103697
0.103697
0.103696
0.103695
0.103691
0.103689
0.103686
0.103685
0.103682
0.103674
0.10367
0.103661
0.103659
0.103659
0.103653
0.103652
0.103638
0.103632
0.103631
0.10362
0.10361
0.103607
0.103598
0.103596
0.103584
0.103577
0.103564
0.103561
0.103557
0.103556
0.103547
0.103529
0.103527
0.10351
0.103506
0.103505
0.103502
0.103498
0.103496
0.103495
0.103495
0.103495
0.103492
0.103488
0.103486
0.103481
0.103467
0.103464
0.103457
0.103457
0.103452
0.103448
0.103447
0.103438
0.103436
0.103435
0.103434
0.103428
0.103425
0.103425
0.103414
0.10341
0.103405
0.103404
0.103404
0.103391
0.10339
0.103385
0.103384
0.10336
0.103358
0.103355
0.103355
0.103351
0.103349
0.103342
0.103337
0.103332
0.10332
0.103319
0.103316
0.103304
0.103289
0.103287
0.103287
0.10328
0.103276
0.103247
0.103241
0.103238
0.103238
0.103226
0.10322
0.103203
0.103198
0.103198
0.103196
0.103193
0.103192
0.103189
0.103187
0.103185
0.103181
0.103176
0.103175
0.103172
0.103167
0.103162
0.103148
0.103146
0.103144
0.103144
0.103144
0.103137
0.103133
0.103133
0.103132
0.103131
0.103123
0.103106
0.103103
0.103103
0.103103
0.103101
0.103097
0.103096
0.103083
0.103079
0.103078
0.103076
0.103076
0.103071
0.103065
0.103064
0.103039
0.103033
0.103028
0.103025
0.103013
0.103013
0.103012
0.103012
0.103011
0.102998
0.102995
0.102995
0.102994
0.10299
0.102985
0.102981
0.10298
0.102978
0.102971
0.10297
0.102964
0.102959
0.102959
0.102958
0.102958
0.102957
0.10295
0.102949
0.102946
0.102939
0.102936
0.102929
0.102929
0.102927
0.102926
0.102923
0.102923
0.102922
0.10292
0.102918
0.102913
0.102912
0.102911
0.102908
0.102907
0.102904
0.102895
0.102889
0.102885
0.102883
0.102881
0.102879
0.10287
0.102869
0.10286
0.102859
0.102858
0.102855
0.102853
0.102849
0.102847
0.102838
0.102837
0.102835
0.102821
0.102816
0.102815
0.102813
0.102811
0.1028
0.102799
0.102797
0.102794
0.102792
0.10279
0.102789
0.102785
0.102784
0.102779
0.102778
0.102773
0.102771
0.102763
0.102761
0.102758
0.102752
0.102751
0.102747
0.102739
0.102734
0.102734
0.102733
0.102733
0.102722
0.102719
0.102712
0.102711
0.10271
0.1027
0.102693
0.102682
0.10268
0.102678
0.102677
0.102676
0.102675
0.102673
0.102672
0.10267
0.10267
0.102668
0.102663
0.102659
0.102658
0.102657
0.102657
0.102656
0.102654
0.102654
0.102649
0.102649
0.102646
0.102645
0.102643
0.102641
0.102633
0.102632
0.102627
0.102626
0.102624
0.102618
0.102616
0.102604
0.102604
0.102601
0.102601
0.102596
0.102596
0.102592
0.102584
0.102581
0.10258
0.10258
0.102575
0.102572
0.102568
0.102564
0.102562
0.102561
0.102548
0.102544
0.102538
0.102534
0.10253
0.10253
0.102527
0.102527
0.102521
0.102516
0.102511
0.102505
0.102505
0.102501
0.102492
0.102481
0.102477
0.102476
0.102476
0.102474
0.102472
0.102462
0.102458
0.102457
0.10245
0.102448
0.102448
0.102442
0.10244
0.102437
0.102429
0.102429
0.102428
0.102428
0.102427
0.102425
0.102421
0.102416
0.102413
0.102407
0.102407
0.102403
0.102401
0.102399
0.102398
0.102395
0.102394
0.102388
0.102388
0.102385
0.102384
0.102375
0.102374
0.102372
0.102365
0.102365
0.102364
0.102362
0.102361
0.102357
0.102356
0.102342
0.102342
0.102342
0.102341
0.10234
0.10234
0.102336
0.102335
0.102334
0.102333
0.102333
0.102332
0.102332
0.102332
0.10233
0.102325
0.10232
0.102313
0.102313
0.102308
0.102307
0.102304
0.102302
0.102299
0.102299
0.102299
0.102284
0.102282
0.102273
0.102267
0.102263
0.102256
0.102253
0.102251
0.102251
0.102248
0.102248
0.102247
0.10224
0.102236
0.102232
0.102229
0.102227
0.102224
0.102222
0.102221
0.102221
0.102217
0.102216
0.102216
0.102214
0.102211
0.102205
0.102203
0.102203
0.102202
0.102195
0.102192
0.102192
0.102191
0.102186
0.102176
0.102176
0.102172
0.102169
0.102166
0.102165
0.102165
0.102163
0.102162
0.10216
0.102155
0.102153
0.102152
0.102151
0.10215
0.10215
0.102149
0.102148
0.102144
0.102142
0.102142
0.102136
0.102135
0.10213
0.10213
0.10213
0.102124
0.10212
0.10212
0.102115
0.102111
0.102108
0.102107
0.102107
0.102106
0.102105
0.102103
0.1021
0.10209
0.102088
0.102085
0.102082
0.10208
0.102076
0.102074
0.102074
0.102073
0.102073
0.102072
0.102062
0.102062
0.102053
0.10205
0.102047
0.102047
0.102044
0.102039
0.102037
0.102036
0.102035
0.102035
0.102034
0.102033
0.102025
0.102024
0.102021
0.102017
0.102015
0.102014
0.102011
0.102009
0.102008
0.102007
0.102006
0.102004
0.101999
0.101994
0.101992
0.101992
0.101987
0.101986
0.101982
0.101976
0.101972
0.101968
0.10196
0.101957
0.101956
0.101955
0.101952
0.101951
0.101949
0.101946
0.101944
0.101943
0.10194
0.101934
0.101934
0.10193
0.101928
0.101926
0.101923
0.101922
0.101919
0.101916
0.101916
0.101913
0.101912
0.10191
0.101984
0.101983
0.101983
0.101976
0.101974
0.10197
0.10197
0.10197
0.101968
0.101962
0.101957
0.101956
0.10195
0.10195
0.101949
0.101949
0.101946
0.101945
0.101935
0.101932
0.101932
0.10193
0.101924
0.101924
0.101919
0.101917
0.101915
0.101907
0.101905
0.101898
0.101894
0.101893
0.101892
0.101888
0.101883
0.101882
0.101878
0.101877
0.101874
0.101874
0.101872
0.101871
0.101871
0.101866
0.101865
0.101865
0.101863
0.101853
0.101852
0.101852
0.101847
0.101846
0.101842
0.10184
0.10184
0.101838
0.101836
0.101834
0.101833
0.101832
0.101831
0.10183
0.101826
0.101825
0.101823
0.101821
0.101821
0.101816
0.101815
0.101812
0.101811
0.101809
0.101809
0.101806
0.101805
0.101805
0.101804
0.101795
0.101795
0.101793
0.101791
0.10179
0.101786
0.101785
0.101778
0.101778
0.101778
0.101777
0.101772
0.101771
0.101768
0.101763
0.101762
0.101759
0.101759
0.101759
0.101754
0.101754
0.101753
0.10175
0.101746
0.101745
0.101745
0.101742
0.101732
0.101729
0.101728
0.101724
0.101723
0.101722
0.101719
0.101717
0.101717
0.101712
0.101707
0.101707
0.101706
0.101698
0.101689
0.101688
0.101686
0.101679
0.101676
0.101668
0.101668
0.101666
0.10166
0.101656
0.101655
0.101653
0.101652
0.101648
0.101648
0.101646
0.101644
0.10164
0.101637
0.101636
0.10163
0.10163
0.10163
0.10163
0.101627
0.101619
0.101619
0.101619
0.101611
0.10161
0.101606
0.101603
0.101602
0.101599
0.101599
0.101597
0.101596
0.101596
0.101593
0.101589
0.101587
0.101585
0.101585
0.101584
0.101584
0.10158
0.101578
0.101577
0.101577
0.101577
0.101575
0.101573
0.101573
0.101571
0.101569
0.101568
0.101567
0.101567
0.101565
0.101563
0.101562
0.10156
0.101558
0.101557
0.101554
0.101548
0.101546
0.101544
0.101543
0.101539
0.101539
0.101533
0.101529
0.101527
0.101521
0.101509
0.101509
0.101506
0.101505
0.101501
0.1015
0.1015
0.101498
0.101497
0.101495
0.101491
0.10149
0.101486
0.101486
0.101485
0.101483
0.101483
0.10148
0.101479
0.101479
0.101476
0.101476
0.101475
0.101474
0.101473
0.101472
0.101469
0.101469
0.101467
0.101464
0.101463
0.10146
0.101456
0.101455
0.101454
0.10145
0.101448
0.101448
0.101443
0.101442
0.101441
0.101435
0.101434
0.101434
0.101434
0.101429
0.101424
0.101423
0.10142
0.10142
0.101419
0.101417
0.101416
0.101415
0.101409
0.101401
0.101399
0.101397
0.101394
0.101389
0.101388
0.101386
0.101382
0.101382
0.10138
0.101379
0.101372
0.10137
0.101369
0.101366
0.101359
0.101356
0.101356
0.101354
0.101352
0.101351
0.101351
0.101346
0.101342
0.10134
0.101334
0.101333
0.101332
0.101331
0.10133
0.101329
0.101327
0.101326
0.101326
0.101325
0.101325
0.101324
0.101323
0.101323
0.10132
0.101316
0.101313
0.101312
0.101312
0.101311
0.101306
0.101306
0.101303
0.101301
0.1013
0.101298
0.101298
0.101298
0.101295
0.101294
0.101293
0.101292
0.10129
0.101288
0.101285
0.101285
0.101284
0.101283
0.101282
0.101282
0.101277
0.101276
0.101275
0.101275
0.101271
0.101267
0.101266
0.101263
0.101262
0.101258
0.101255
0.101253
0.101253
0.101252
0.101251
0.101246
0.101246
0.101246
0.101245
0.101244
0.101244
0.101241
0.101241
0.101236
0.101235
0.101234
0.101231
0.101229
0.101227
0.101226
0.101224
0.101222
0.101221
0.10122
0.101215
0.101214
0.101213
0.101213
0.101213
0.101213
0.101212
0.101211
0.10121
0.101209
0.101205
0.101205
0.101203
0.101202
0.101199
0.101196
0.101195
0.101195
0.101193
0.101191
0.101187
0.101187
0.101187
0.101186
0.101185
0.101184
0.101184
0.101182
0.101181
0.101181
0.10118
0.101176
0.101176
0.101174
0.101171
0.101171
0.10117
0.10117
0.101169
0.101169
0.101168
0.101164
0.101164
0.101161
0.101158
0.101157
0.101157
0.101155
0.101154
0.101151
0.101147
0.101146
0.101143
0.101143
0.101143
0.101143
0.101143
0.101141
0.101136
0.101135
0.101134
0.101132
0.101132
0.101132
0.101131
0.10113
0.10113
0.101129
0.101127
0.101126
0.101125
0.101123
0.101123
0.101121
0.101121
0.101116
0.101112
0.101111
0.10111
0.10111
0.101109
0.101107
0.101106
0.101106
0.101106
0.1011
0.101098
0.101097
0.101096
0.101096
0.101096
0.101095
0.101091
0.101091
0.101087
0.101081
0.101081
0.101081
0.10108
0.10108
0.10108
0.10108
0.101078
0.101077
0.101077
0.101077
0.101076
0.101076
0.101072
0.101071
0.101071
0.10107
0.101069
0.101068
0.101066
0.101065
0.101065
0.101062
0.101061
0.10106
0.10106
0.101058
0.101057
0.101057
0.101054
0.101054
0.101053
0.101053
0.101052
0.10105
0.101047
0.101043
0.101042
0.101042
0.101041
0.101038
0.101037
0.101037
0.101035
0.101035
0.101031
0.101027
0.101026
0.101025
0.101023
0.101022
0.10102
0.101017
0.101017
0.101013
0.101013
0.101011
0.10101
0.101009
0.101008
0.101007
0.101007
0.101006
0.101005
0.101003
0.101002
0.100999
0.100999
0.100999
0.100997
0.100994
0.100994
0.100994
0.100986
0.100985
0.100985
0.100983
0.100983
0.100982
0.100981
0.100978
0.100977
0.100975
0.100974
0.100973
0.100972
0.100972
0.100972
0.100972
0.100971
0.100971
0.10097
0.100967
0.100965
0.100965
0.100964
0.100962
0.100959
0.100959
0.100959
0.100958
0.100958
0.100958
0.100957
0.100955
0.100955
0.100954
0.100952
0.100951
0.10095
0.100949
0.100948
0.100948
0.100947
0.100944
0.100942
0.100942
0.100941
0.100941
0.10094
0.100936
0.100936
0.100936
0.100936
0.100935
0.100927
0.100927
0.100926
0.100924
0.100924
0.100923
0.100922
0.10092
0.10092
0.100919
0.100918
0.100918
0.100916
0.100915
0.100915
0.100915
0.100913
0.100913
0.10091
0.100909
0.100908
0.100907
0.100904
0.100903
0.100902
0.100902
0.100896
0.100896
0.100895
0.100895
0.100893
0.100893
0.100892
0.100891
0.100891
0.100889
0.100889
0.100889
0.100887
0.100885
0.100884
0.100883
0.100883
0.100882
0.100879
0.100878
0.100877
0.100876
0.100876
0.100872
0.100871
0.100868
0.100868
0.100868
0.100868
0.100867
0.100864
0.100863
0.100863
0.100862
0.100861
0.10086
0.10086
0.100859
0.100859
0.100858
0.100857
0.100857
0.100855
0.100854
0.100853
0.100852
0.100851
0.100851
0.100851
0.10085
0.100849
0.100848
0.100847
0.100846
0.100845
0.100844
0.100842
0.10084
0.100839
0.100838
0.100837
0.100835
0.100831
0.100831
0.100829
0.100829
0.100828
0.100826
0.100825
0.100824
0.100823
0.100823
0.100822
0.10082
0.10082
0.100819
0.100818
0.100817
0.100813
0.100812
0.100812
0.10081
0.100809
0.100807
0.100805
0.100805
0.100803
0.100801
0.1008
0.1008
0.1008
0.100799
0.100798
0.100797
0.100796
0.100794
0.100794
0.100793
0.100791
0.10079
0.100788
0.100786
0.100784
0.100784
0.100784
0.100782
0.100782
0.100782
0.10078
0.10078
0.100776
0.100776
0.100775
0.100774
0.100773
0.100772
0.10077
0.100769
0.100766
0.100765
0.100762
0.100762
0.100761
0.100761
0.100761
0.10076
0.100759
0.100758
0.100757
0.100756
0.100756
0.100756
0.100754
0.100753
0.100752
0.100752
0.100751
0.100751
0.100749
0.100749
0.100747
0.100746
0.100745
0.100744
0.100743
0.100742
0.100742
0.100742
0.100741
0.100741
0.100739
0.100738
0.100735
0.100734
0.100733
0.100731
0.10073
0.100729
0.100726
0.100724
0.100723
0.100721
0.100718
0.100718
0.100715
0.100715
0.100715
0.100714
0.100714
0.100712
0.100712
0.100712
0.100712
0.100711
0.10071
0.100708
0.100706
0.100705
0.100704
0.100704
0.100703
0.100703
0.100703
0.100701
0.100701
0.100701
0.100701
0.100699
0.100697
0.100697
0.100696
0.100695
0.100694
0.100693
0.100692
0.100692
0.100691
0.100691
0.100691
0.100691
0.10069
0.10069
0.100689
0.100688
0.100687
0.100686
0.100685
0.100682
0.100682
0.100682
0.100681
0.10068
0.10068
0.10068
0.10068
0.100679
0.100679
0.100678
0.100678
0.100678
0.100678
0.100676
0.100676
0.100675
0.100672
0.100671
0.100669
0.100668
0.100666
0.100666
0.100665
0.100663
0.100663
0.100663
0.100662
0.100661
0.100661
0.10066
0.10066
0.100659
0.100659
0.100657
0.100657
0.100654
0.100653
0.100652
0.100649
0.100647
0.100647
0.100645
0.100643
0.100643
0.100643
0.100642
0.100641
0.100641
0.100639
0.100639
0.100637
0.100637
0.100636
0.100635
0.100635
0.100635
0.100634
0.100633
0.100633
0.100632
0.10063
0.10063
0.100627
0.100626
0.100626
0.100626
0.100625
0.100625
0.100622
0.100622
0.100622
0.100618
0.100618
0.100616
0.100615
0.100614
0.100613
0.100612
0.100611
0.100607
0.100607
0.100606
0.100605
0.100604
0.100604
0.100603
0.100602
0.1006
0.100599
0.100598
0.100598
0.100598
0.100596
0.100595
0.100594
0.100591
0.100591
0.10059
0.10059
0.100589
0.100588
0.100588
0.100587
0.100587
0.100584
0.100584
0.100583
0.100634
0.100632
0.100627
0.100627
0.100626
0.100626
0.100623
0.100623
0.100621
0.10062
0.10062
0.100618
0.100618
0.100618
0.100616
0.100615
0.100615
0.100615
0.100614
0.100614
0.100613
0.100612
0.100611
0.10061
0.100609
0.100609
0.100608
0.100608
0.100607
0.100607
0.100607
0.100606
0.100605
0.100605
0.100604
0.100602
0.1006
0.1006
0.100599
0.100599
0.100599
0.100598
0.100598
0.100597
0.100597
0.100597
0.100597
0.100597
0.100596
0.100595
0.100592
0.10059
0.10059
0.100589
0.100588
0.100587
0.100585
0.100584
0.100582
0.100581
0.100581
0.100581
0.10058
0.10058
0.100579
0.100579
0.100579
0.100579
0.100577
0.100577
0.100576
0.100576
0.100575
0.100574
0.100573
0.100572
0.100571
0.10057
0.10057
0.10057
0.100569
0.100569
0.100569
0.100569
0.100568
0.100568
0.100566
0.100566
0.100566
0.100565
0.100564
0.100563
0.100562
0.100562
0.10056
0.100559
0.100558
0.100558
0.100558
0.100557
0.100556
0.100555
0.100555
0.100553
0.100552
0.100551
0.10055
0.10055
0.100549
0.100547
0.100545
0.100545
0.100544
0.100544
0.100544
0.100544
0.100543
0.100542
0.100542
0.100542
0.100541
0.10054
0.100539
0.100538
0.100538
0.100537
0.100536
0.100534
0.100534
0.100534
0.100533
0.100532
0.100532
0.100532
0.100531
0.100531
0.100531
0.100529
0.100529
0.100529
0.100529
0.100528
0.100528
0.100528
0.100527
0.100527
0.100527
0.100526
0.100525
0.100525
0.100524
0.100523
0.100523
0.10052
0.10052
0.10052
0.10052
0.100519
0.100519
0.100519
0.100514
0.100513
0.100509
0.100508
0.100507
0.100506
0.100506
0.100505
0.100504
0.100504
0.100504
0.100503
0.100503
0.100503
0.100502
0.100502
0.100502
0.100502
0.1005
0.1005
0.100498
0.100498
0.100498
0.100497
0.100497
0.100497
0.100497
0.100497
0.100496
0.100493
0.100493
0.100492
0.100492
0.100492
0.100491
0.100491
0.10049
0.10049
0.10049
0.10049
0.10049
0.10049
0.100489
0.100488
0.100488
0.100486
0.100485
0.100485
0.100484
0.100484
0.100484
0.100483
0.100483
0.100483
0.10048
0.100477
0.100477
0.100476
0.100476
0.100475
0.100475
0.100475
0.100474
0.100474
0.100473
0.100472
0.100471
0.100471
0.100471
0.100471
0.10047
0.10047
0.10047
0.10047
0.100469
0.100469
0.100469
0.100469
0.100468
0.100468
0.100468
0.100468
0.100467
0.100467
0.100467
0.100466
0.100466
0.100465
0.100464
0.100463
0.100463
0.100463
0.100462
0.100462
0.100462
0.100462
0.100462
0.100461
0.10046
0.10046
0.100459
0.100459
0.100459
0.100458
0.100458
0.100457
0.100457
0.100457
0.100457
0.100457
0.100456
0.100454
0.100453
0.100453
0.100452
0.100452
0.100452
0.10045
0.10045
0.100449
0.100449
0.100449
0.100448
0.100447
0.100447
0.100445
0.100444
0.100444
0.100444
0.100443
0.100443
0.100442
0.100442
0.100441
0.100441
0.10044
0.100439
0.100439
0.100439
0.100439
0.100439
0.100439
0.100438
0.100438
0.100435
0.100435
0.100433
0.100433
0.100433
0.100433
0.100432
0.100432
0.100432
0.100431
0.10043
0.10043
0.100429
0.100428
0.100427
0.100427
0.100424
0.100422
0.100422
0.100422
0.100421
0.10042
0.10042
0.100419
0.100418
0.100418
0.100417
0.100417
0.100417
0.100417
0.100416
0.100416
0.100416
0.100415
0.100414
0.100414
0.100414
0.100413
0.100413
0.100412
0.100412
0.100411
0.100411
0.100411
0.10041
0.100409
0.100409
0.100408
0.100408
0.100408
0.100407
0.100407
0.100407
0.100407
0.100407
0.100406
0.100406
0.100405
0.100404
0.100404
0.100403
0.100403
0.100403
0.100402
0.100401
0.100401
0.100401
0.100401
0.100401
0.1004
0.1004
0.100399
0.100398
0.100397
0.100397
0.100397
0.100396
0.100396
0.100396
0.100394
0.100394
0.100394
0.100394
0.100394
0.100393
0.100393
0.100393
0.100393
0.100393
0.100392
0.100392
0.100391
0.10039
0.10039
0.100389
0.100389
0.100388
0.100388
0.100388
0.100387
0.100387
0.100387
0.100387
0.100386
0.100386
0.100385
0.100385
0.100384
0.100382
0.100382
0.100381
0.100381
0.100381
0.10038
0.10038
0.10038
0.100379
0.100379
0.100379
0.100379
0.100379
0.100379
0.100378
0.100378
0.100378
0.100378
0.100377
0.100377
0.100376
0.100376
0.100376
0.100376
0.100376
0.100376
0.100376
0.100376
0.100375
0.100374
0.100374
0.100374
0.100373
0.100371
0.100371
0.10037
0.10037
0.100369
0.100369
0.100368
0.100367
0.100367
0.100367
0.100366
0.100365
0.100365
0.100365
0.100365
0.100363
0.100363
0.100363
0.100362
0.100362
0.100362
0.100361
0.100361
0.100361
0.10036
0.10036
0.10036
0.100359
0.100359
0.100358
0.100358
0.100357
0.100357
0.100357
0.100356
0.100356
0.100355
0.100355
0.100355
0.100355
0.100354
0.100354
0.100354
0.100354
0.100353
0.100352
0.100352
0.100352
0.100352
0.100351
0.100351
0.10035
0.10035
0.100349
0.100349
0.100349
0.100348
0.100348
0.100347
0.100347
0.100347
0.100347
0.100347
0.100346
0.100345
0.100344
0.100344
0.100344
0.100344
0.100343
0.100343
0.100343
0.100342
0.100342
0.100341
0.100341
0.10034
0.10034
0.10034
0.10034
0.10034
0.10034
0.100339
0.100339
0.100339
0.100338
0.100338
0.100338
0.100337
0.100337
0.100336
0.100336
0.100336
0.100336
0.100335
0.100335
0.100334
0.100334
0.100334
0.100334
0.100334
0.100333
0.100333
0.100332
0.100332
0.100331
0.100331
0.100331
0.100331
0.100331
0.100331
0.100331
0.100331
0.100329
0.100328
0.100328
0.100328
0.100328
0.100328
0.100327
0.100327
0.100326
0.100326
0.100326
0.100326
0.100325
0.100325
0.100324
0.100324
0.100322
0.100322
0.100322
0.100321
0.100321
0.100321
0.10032
0.10032
0.100319
0.100319
0.100319
0.100318
0.100318
0.100317
0.100317
0.100317
0.100316
0.100316
0.100315
0.100315
0.100315
0.100314
0.100314
0.100314
0.100313
0.100312
0.100312
0.100312
0.100311
0.100311
0.100311
0.100311
0.100311
0.10031
0.100308
0.100308
0.100308
0.100308
0.100308
0.100308
0.100308
0.100307
0.100307
0.100306
0.100305
0.100305
0.100304
0.100304
0.100304
0.100304
0.100304
0.100304
0.100304
0.100304
0.100304
0.100304
0.100304
0.100303
0.100302
0.100302
0.100302
0.100302
0.100301
0.100301
0.100301
0.100301
0.100301
0.100301
0.100301
0.1003
0.100299
0.100299
0.100299
0.100298
0.100298
0.100298
0.100297
0.100297
0.100296
0.100295
0.100295
0.100295
0.100295
0.100295
0.100294
0.100294
0.100294
0.100294
0.100293
0.100293
0.100292
0.100292
0.100292
0.100291
0.100291
0.100291
0.100291
0.100291
0.10029
0.10029
0.100289
0.100289
0.100289
0.100289
0.100289
0.100287
0.100287
0.100287
0.100287
0.100287
0.100287
0.100286
0.100286
0.100285
0.100284
0.100284
0.100284
0.100283
0.100283
0.100283
0.100282
0.100282
0.100282
0.100282
0.100281
0.100281
0.100281
0.100281
0.100281
0.10028
0.10028
0.10028
0.10028
0.10028
0.100279
0.100279
0.100279
0.100279
0.100279
0.100279
0.100279
0.100279
0.100278
0.100278
0.100277
0.100277
0.100277
0.100276
0.100276
0.100275
0.100275
0.100275
0.100274
0.100274
0.100274
0.100274
0.100273
0.100273
0.100273
0.100272
0.100272
0.100272
0.100272
0.100272
0.100272
0.100271
0.100271
0.100271
0.10027
0.10027
0.100269
0.100269
0.100269
0.100268
0.100268
0.100268
0.100267
0.100267
0.100267
0.100266
0.100266
0.100265
0.100265
0.100265
0.100264
0.100264
0.100264
0.100263
0.100263
0.100263
0.100263
0.100263
0.100263
0.100262
0.100261
0.100261
0.100261
0.10026
0.10026
0.10026
0.100258
0.100258
0.100258
0.100258
0.100258
0.100257
0.100257
0.100257
0.100257
0.100257
0.100257
0.100256
0.100256
0.100255
0.100255
0.100255
0.100255
0.100254
0.100254
0.100254
0.100254
0.100254
0.100254
0.100254
0.100254
0.100253
0.100253
0.100253
0.100252
0.100252
0.100251
0.100251
0.100251
0.100251
0.100251
0.10025
0.10025
0.100249
0.100249
0.100249
0.100248
0.100248
0.100247
0.100247
0.100247
0.100246
0.100246
0.100246
0.100246
0.100246
0.100245
0.100244
0.100243
0.100243
0.100242
0.100242
0.100242
0.100242
0.100241
0.100241
0.10024
0.10024
0.10024
0.10024
0.100239
0.100239
0.100238
0.100238
0.100238
0.100237
0.100237
0.100236
0.100236
0.100236
0.100235
0.100235
0.100235
0.100235
0.100235
0.100234
0.100234
0.100233
0.100233
0.100233
0.100233
0.100233
0.100232
0.100232
0.100232
0.100231
0.100231
0.100231
0.100231
0.100231
0.10023
0.10023
0.10023
0.10023
0.100229
0.100229
0.100228
0.100228
0.100228
0.100228
0.100228
0.100228
0.100227
0.100226
0.100226
0.100226
0.100225
0.100225
0.100224
0.100224
0.100224
0.100224
0.100224
0.100224
0.100224
0.100223
0.100223
0.100223
0.100223
0.100223
0.100223
0.100223
0.100223
0.100222
0.100221
0.100221
0.10022
0.100219
0.100219
0.100219
0.100219
0.100219
0.100219
0.100218
0.100218
0.100218
0.100218
0.100218
0.100217
0.100217
0.100217
0.100217
0.100217
0.100217
0.100216
0.100216
0.100216
0.100216
0.100216
0.100216
0.100216
0.100215
0.100215
0.100214
0.100214
0.100213
0.100213
0.100217
0.100216
0.100216
0.100216
0.100216
0.100216
0.100215
0.100215
0.100214
0.100214
0.100214
0.100214
0.100214
0.100214
0.100214
0.100212
0.100212
0.100212
0.100212
0.100212
0.100211
0.100211
0.10021
0.10021
0.10021
0.10021
0.100209
0.100209
0.100209
0.100209
0.100209
0.100209
0.100208
0.100208
0.100208
0.100208
0.100207
0.100207
0.100207
0.100207
0.100206
0.100206
0.100205
0.100205
0.100205
0.100205
0.100205
0.100204
0.100204
0.100204
0.100204
0.100204
0.100204
0.100204
0.100204
0.100203
0.100203
0.100203
0.100203
0.100203
0.100203
0.100202
0.100202
0.100202
0.100202
0.100202
0.100201
0.100201
0.100201
0.100201
0.100201
0.100201
0.1002
0.1002
0.1002
0.1002
0.1002
0.100199
0.100199
0.100199
0.100199
0.100199
0.100198
0.100198
0.100198
0.100198
0.100198
0.100198
0.100198
0.100198
0.100197
0.100197
0.100197
0.100197
0.100197
0.100197
0.100197
0.100197
0.100196
0.100196
0.100196
0.100195
0.100195
0.100195
0.100194
0.100194
0.100194
0.100193
0.100193
0.100193
0.100193
0.100193
0.100193
0.100192
0.100192
0.100192
0.100191
0.100191
0.100191
0.100191
0.10019
0.10019
0.10019
0.10019
0.100189
0.100189
0.100189
0.100188
0.100188
0.100188
0.100188
0.100188
0.100188
0.100187
0.100187
0.100187
0.100187
0.100187
0.100186
0.100185
0.100185
0.100185
0.100185
0.100185
0.100184
0.100184
0.100184
0.100184
0.100184
0.100184
0.100183
0.100183
0.100183
0.100183
0.100183
0.100182
0.100182
0.100182
0.100182
0.100182
0.100182
0.100181
0.100181
0.10018
0.100179
0.100179
0.100178
0.100178
0.100178
0.100178
0.100177
0.100177
0.100177
0.100177
0.100177
0.100177
0.100176
0.100176
0.100176
0.100176
0.100176
0.100175
0.100175
0.100175
0.100173
0.100173
0.100173
0.100173
0.100173
0.100172
0.100172
0.100172
0.100172
0.100172
0.100172
0.100172
0.100172
0.100171
0.100171
0.100171
0.10017
0.10017
0.100169
0.100169
0.100169
0.100169
0.100169
0.100169
0.100168
0.100168
0.100168
0.100168
0.100168
0.100168
0.100167
0.100167
0.100167
0.100167
0.100167
0.100167
0.100166
0.100166
0.100166
0.100166
0.100166
0.100166
0.100166
0.100165
0.100165
0.100165
0.100165
0.100165
0.100164
0.100164
0.100164
0.100164
0.100164
0.100163
0.100163
0.100163
0.100163
0.100163
0.100163
0.100163
0.100163
0.100162
0.100162
0.100162
0.100162
0.100161
0.100161
0.100161
0.100161
0.100161
0.10016
0.10016
0.10016
0.10016
0.100159
0.100159
0.100159
0.100158
0.100158
0.100158
0.100158
0.100158
0.100157
0.100157
0.100157
0.100157
0.100157
0.100157
0.100157
0.100157
0.100156
0.100156
0.100156
0.100156
0.100156
0.100155
0.100155
0.100155
0.100155
0.100154
0.100154
0.100154
0.100153
0.100153
0.100153
0.100153
0.100153
0.100152
0.100152
0.100152
0.100152
0.100152
0.100151
0.100151
0.100151
0.100151
0.100151
0.100151
0.100151
0.10015
0.10015
0.10015
0.10015
0.10015
0.100149
0.100149
0.100149
0.100149
0.100149
0.100149
0.100149
0.100148
0.100148
0.100148
0.100148
0.100148
0.100147
0.100147
0.100147
0.100147
0.100147
0.100147
0.100146
0.100146
0.100145
0.100145
0.100144
0.100143
0.100143
0.100142
0.100142
0.100142
0.100142
0.100142
0.100142
0.100142
0.100142
0.100142
0.100141
0.100141
0.100141
0.100141
0.100141
0.100141
0.100141
0.100141
0.10014
0.10014
0.10014
0.10014
0.100139
0.100139
0.100139
0.100139
0.100139
0.100137
0.100137
0.100137
0.100136
0.100136
0.100136
0.100136
0.100136
0.100136
0.100136
0.100136
0.100135
0.100135
0.100135
0.100135
0.100135
0.100135
0.100135
0.100135
0.100135
0.100135
0.100134
0.100134
0.100134
0.100134
0.100134
0.100133
0.100133
0.100133
0.100133
0.100133
0.100132
0.100132
0.100132
0.100131
0.100131
0.100131
0.100131
0.10013
0.10013
0.10013
0.10013
0.100129
0.100128
0.100128
0.100128
0.100127
0.100127
0.100127
0.100127
0.100127
0.100126
0.100126
0.100126
0.100126
0.100125
0.100125
0.100125
0.100125
0.100125
0.100125
0.100124
0.100124
0.100124
0.100124
0.100124
0.100124
0.100123
0.100123
0.100123
0.100123
0.100122
0.100122
0.100122
0.100122
0.100122
0.100122
0.100121
0.100121
0.100121
0.100121
0.100121
0.100121
0.100121
0.100121
0.100121
0.100121
0.10012
0.10012
0.10012
0.100119
0.100119
0.100119
0.100119
0.100119
0.100119
0.100118
0.100118
0.100118
0.100118
0.100118
0.100118
0.100117
0.100117
0.100117
0.100117
0.100116
0.100116
0.100116
0.100116
0.100116
0.100116
0.100116
0.100116
0.100116
0.100115
0.100115
0.100115
0.100115
0.100115
0.100115
0.100115
0.100115
0.100115
0.100114
0.100114
0.100114
0.100114
0.100114
0.100114
0.100114
0.100114
0.100113
0.100113
0.100113
0.100113
0.100113
0.100113
0.100113
0.100113
0.100112
0.100112
0.100112
0.100112
0.100112
0.100112
0.100112
0.100112
0.100112
0.100111
0.100111
0.100111
0.100111
0.100111
0.100111
0.100111
0.100111
0.100111
0.100111
0.10011
0.10011
0.10011
0.10011
0.10011
0.10011
0.10011
0.10011
0.100109
0.100109
0.100109
0.100108
0.100108
0.100108
0.100107
0.100107
0.100107
0.100107
0.100106
0.100106
0.100106
0.100106
0.100106
0.100106
0.100106
0.100106
0.100105
0.100105
0.100104
0.100104
0.100104
0.100104
0.100104
0.100103
0.100103
0.100102
0.100102
0.100102
0.100102
0.100101
0.100101
0.100101
0.100101
0.100101
0.100101
0.1001
0.1001
0.1001
0.1001
0.1001
0.100099
0.100099
0.100099
0.100099
0.100099
0.100099
0.100099
0.100099
0.100099
0.100099
0.100099
0.100099
0.100099
0.100098
0.100098
0.100098
0.100098
0.100098
0.100098
0.100098
0.100098
0.100097
0.100097
0.100097
0.100097
0.100097
0.100096
0.100096
0.100096
0.100096
0.100096
0.100096
0.100096
0.100096
0.100096
0.100095
0.100095
0.100095
0.100095
0.100095
0.100095
0.100095
0.100094
0.100094
0.100094
0.100094
0.100093
0.100093
0.100093
0.100093
0.100093
0.100093
0.100093
0.100093
0.100093
0.100092
0.100092
0.100092
0.100092
0.100092
0.100091
0.100091
0.100091
0.100091
0.100091
0.100091
0.100091
0.100091
0.100091
0.10009
0.10009
0.10009
0.10009
0.10009
0.10009
0.10009
0.10009
0.10009
0.10009
0.10009
0.100089
0.100089
0.100089
0.100089
0.100089
0.100089
0.100089
0.100089
0.100089
0.100089
0.100089
0.100088
0.100088
0.100088
0.100088
0.100088
0.100088
0.100088
0.100088
0.100088
0.100088
0.100088
0.100088
0.100088
0.100088
0.100088
0.100087
0.100087
0.100087
0.100087
0.100087
0.100087
0.100086
0.100086
0.100086
0.100086
0.100086
0.100085
0.100085
0.100085
0.100084
0.100084
0.100084
0.100084
0.100084
0.100084
0.100084
0.100084
0.100084
0.100084
0.100083
0.100083
0.100083
0.100083
0.100083
0.100083
0.100082
0.100082
0.100082
0.100082
0.100082
0.100082
0.100081
0.100081
0.100081
0.100081
0.100081
0.10008
0.10008
0.100079
0.100079
0.100079
0.100079
0.100079
0.100079
0.100079
0.100079
0.100078
0.100078
0.100078
0.100078
0.100078
0.100078
0.100078
0.100078
0.100078
0.100077
0.100077
0.100077
0.100077
0.100077
0.100077
0.100077
0.100077
0.100077
0.100077
0.100076
0.100076
0.100076
0.100076
0.100076
0.100076
0.100076
0.100075
0.100075
0.100075
0.100075
0.100075
0.100075
0.100075
0.100075
0.100075
0.100074
0.100074
0.100074
0.100074
0.100074
0.100074
0.100074
0.100074
0.100074
0.100073
0.100073
0.100073
0.100073
0.100073
0.100073
0.100073
0.100073
0.100073
0.100073
0.100072
0.100072
0.100072
0.100072
0.100072
0.100072
0.100072
0.100072
0.100072
0.100072
0.100072
0.100072
0.100072
0.100072
0.100072
0.100072
0.100072
0.100072
0.100072
0.100071
0.100071
0.100071
0.100071
0.100071
0.100071
0.100071
0.100071
0.100071
0.100071
0.10007
0.10007
0.10007
0.10007
0.10007
0.10007
0.10007
0.10007
0.10007
0.10007
0.10007
0.10007
0.10007
0.10007
0.10007
0.100069
0.100069
0.100069
0.100069
0.100069
0.100069
0.100069
0.100069
0.100069
0.100069
0.100068
0.100068
0.100068
0.100068
0.100068
0.100068
0.100068
0.100068
0.100068
0.100067
0.100067
0.100067
0.100067
0.100067
0.100067
0.100067
0.100067
0.100067
0.100067
0.100067
0.100067
0.100067
0.100066
0.100066
0.100066
0.100066
0.100066
0.100066
0.100066
0.100066
0.100066
0.100066
0.100066
0.100065
0.100065
0.100065
0.100065
0.100065
0.100065
0.100065
0.100065
0.100065
0.100065
0.100065
0.100065
0.100065
0.100065
0.100065
0.100065
0.100065
0.100065
0.100064
0.100064
0.100064
0.100064
0.100064
0.100064
0.100064
0.100064
0.100064
0.100064
0.100064
0.100064
0.100063
0.100063
0.100063
0.100063
0.100063
0.100063
0.100063
0.100063
0.100063
0.100063
0.100063
0.100063
0.100062
0.100062
0.100062
0.100062
0.100062
0.100062
0.100062
0.100062
0.100062
0.100062
0.100061
0.100061
0.100061
0.100061
0.100061
0.100061
0.100061
0.100061
0.100061
0.100061
0.10006
0.10006
0.10006
0.10006
0.10006
0.10006
0.10006
0.10006
0.10006
0.10006
0.10006
0.10006
0.10006
0.10006
0.10006
0.100059
0.100059
0.100059
0.100059
0.100059
0.100059
0.100059
0.100059
0.100059
0.100059
0.100059
0.100059
0.100059
0.100059
0.100059
0.100059
0.100059
0.100058
0.100058
0.100058
0.100058
0.100058
0.100058
0.100057
0.100057
0.100057
0.100057
0.100057
0.100057
0.100057
0.100057
0.100057
0.100057
0.100057
0.100057
0.100056
0.100056
0.100056
0.100056
0.100056
0.100056
0.100056
0.100056
0.100056
0.100056
0.100056
0.100056
0.100056
0.100056
0.100056
0.100056
0.100055
0.100055
0.100055
0.100055
0.100055
0.100055
0.100055
0.100055
0.100055
0.100055
0.100055
0.100055
0.100054
0.100054
0.100054
0.100054
0.100054
0.100054
0.100054
0.100054
0.100054
0.100054
0.100054
0.100054
0.100054
0.100053
0.100053
0.100053
0.100053
0.100053
0.100053
0.100053
0.100053
0.100053
0.100053
0.100053
0.100053
0.100053
0.100052
0.100052
0.100052
0.100052
0.100052
0.100052
0.100052
0.100052
0.100052
0.100052
0.100051
0.100051
0.100051
0.100051
0.100051
0.100051
0.100051
0.100051
0.10005
0.10005
0.10005
0.10005
0.10005
0.10005
0.10005
0.10005
0.10005
0.10005
0.10005
0.10005
0.100049
0.100049
0.100049
0.100049
0.100049
0.100049
0.100049
0.100049
0.100049
0.100049
0.100048
0.100048
0.100048
0.100048
0.100048
0.100048
0.100048
0.100048
0.100048
0.100047
0.100047
0.100047
0.100047
0.100047
0.100047
0.100047
0.100047
0.100047
0.100047
0.100047
0.100047
0.100047
0.100047
0.100047
0.100047
0.100047
0.100047
0.100046
0.100046
0.100046
0.100046
0.100046
0.100046
0.100046
0.100046
0.100046
0.100046
0.100046
0.100046
0.100045
0.100045
0.100045
0.100045
0.100045
0.100045
0.100045
0.100045
0.100045
0.100045
0.100045
0.100045
0.100045
0.100045
0.100044
0.100044
0.100044
0.100044
0.100044
0.100044
0.100044
0.100044
0.100044
0.100044
0.100044
0.100044
0.100044
0.100044
0.100044
0.100044
0.100044
0.100044
0.100044
0.100044
0.100043
0.100043
0.100043
0.100043
0.100043
0.100043
0.100043
0.100043
0.100043
0.100043
0.100043
0.100043
0.100043
0.100043
0.100043
0.100042
0.100042
0.100042
0.100042
0.100042
0.100042
0.100042
0.100042
0.100042
0.100041
0.100041
0.100041
0.100041
0.100041
0.100041
0.100041
0.100041
0.100041
0.100041
0.100041
0.100041
0.100041
0.10004
0.10004
0.10004
0.10004
0.10004
0.10004
0.10004
0.10004
0.10004
0.10004
0.10004
0.10004
0.10004
0.10004
0.10004
0.10004
0.10004
0.10004
0.10004
0.10004
0.10004
0.10004
0.100039
0.100039
0.100039
0.100039
0.100039
0.100039
0.100039
0.100039
0.100039
0.100039
0.100039
0.100039
0.100039
0.100039
0.100039
0.100039
0.100039
0.100039
0.100038
0.100038
0.100038
0.100038
0.100038
0.100038
0.100038
0.100038
0.100038
0.100038
0.100038
0.100037
0.100037
0.100037
0.100037
0.100037
0.100037
0.100037
0.100037
0.100037
0.100037
0.100037
0.100037
0.100037
0.100037
0.100037
0.100036
0.100036
0.100036
0.100036
0.100036
0.100036
0.100036
0.100036
0.100036
0.100036
0.100036
0.100036
0.100036
0.100036
0.100036
0.100036
0.100036
0.100036
0.100036
0.100036
0.100036
0.100036
0.100036
0.100035
0.100035
0.100035
0.100035
0.100035
0.100035
0.100035
0.100035
0.100035
0.100035
0.100035
0.100035
0.100035
0.100035
0.100035
0.100034
0.100034
0.100034
0.100034
0.100034
0.100034
0.100034
0.100034
0.100034
0.100034
0.100034
0.100034
0.100034
0.100034
0.100034
0.100034
0.100034
0.100034
0.100034
0.100034
0.100034
0.100034
0.100034
0.100034
0.100033
0.100033
0.100033
0.100033
0.100033
0.100033
0.100033
0.100033
0.100033
0.100033
0.100033
0.100033
0.100033
0.100033
0.100033
0.100033
0.100033
0.100033
0.100033
0.100033
0.100033
0.100032
0.100032
0.100032
0.100032
0.100032
0.100032
0.100032
0.100032
0.100032
0.100032
0.100032
0.100032
0.100032
0.100032
0.100032
0.100032
0.100032
0.100032
0.100031
0.100031
0.100031
0.100031
0.100031
0.100031
0.100031
0.100031
0.100031
0.100031
0.100031
0.100031
0.100031
0.100031
0.100031
0.100031
0.100031
0.100031
0.100031
0.10003
0.10003
0.10003
0.10003
0.10003
0.10003
0.10003
0.10003
0.10003
0.10003
0.10003
0.10003
0.10003
0.10003
0.10003
0.10003
0.10003
0.10003
0.100029
0.100029
0.100029
0.100029
0.100029
0.100029
0.100029
0.100029
0.100029
0.100029
0.100029
0.100029
0.100029
0.100029
0.100029
0.100029
0.100029
0.100029
0.100029
0.100029
0.100029
0.100029
0.100028
0.100028
0.100028
0.100028
0.100028
0.100028
0.100028
0.100028
0.100028
0.100028
0.100028
0.100028
0.100028
0.100028
0.100028
0.100028
0.100028
0.100028
0.100027
0.100027
0.100027
0.100027
0.100027
0.100027
0.100027
0.100027
0.100027
0.100027
0.100027
0.100027
0.100027
0.100027
0.100027
0.100027
0.100026
0.100026
0.100026
0.100026
0.100026
0.100026
0.100026
0.100026
0.100026
0.100026
0.100026
0.100026
0.100026
0.100026
0.100026
0.100026
0.100026
0.100026
0.100026
0.100026
0.100026
0.100026
0.100026
0.100026
0.100026
0.100025
0.100025
0.100025
0.100025
0.100025
0.100025
0.100025
0.100025
0.100025
0.100025
0.100025
0.100025
0.100025
0.100025
0.100025
0.100025
0.100025
0.100025
0.100025
0.100025
0.100024
0.100024
0.100024
0.100024
0.100024
0.100024
0.100024
0.100024
0.100024
0.100024
0.100024
0.100024
0.100024
0.100024
0.100024
0.100024
0.100024
0.100024
0.100024
0.100024
0.100024
0.100024
0.100023
0.100023
0.100023
0.100023
0.100023
0.100023
0.100023
0.100023
0.100023
0.100023
0.100023
0.100023
0.100023
0.100023
0.100023
0.100023
0.100023
0.100023
0.100023
0.100023
0.100023
0.100023
0.100023
0.100023
0.100022
0.100022
0.100022
0.100022
0.100022
0.100022
0.100022
0.100022
0.100022
0.100022
0.100022
0.100022
0.100022
0.100022
0.100022
0.100022
0.100022
0.100022
0.100022
0.100022
0.100022
0.100022
0.100022
0.100022
0.100022
0.100022
0.100022
0.100022
0.100022
0.100022
0.100022
0.100022
0.100022
0.100022
0.100022
0.100022
0.100022
0.100022
0.100022
0.100022
0.100022
0.100021
0.100021
0.100021
0.100021
0.100021
0.100021
0.100021
0.100021
0.100021
0.100021
0.100021
0.100021
0.100021
0.100021
0.100021
0.100021
0.100021
0.100021
0.100021
0.100021
0.100021
0.10002
0.10002
0.10002
0.10002
0.10002
0.10002
0.10002
0.10002
0.10002
0.10002
0.10002
0.10002
0.10002
0.10002
0.10002
0.10002
0.10002
0.10002
0.10002
0.10002
0.10002
0.10002
0.10002
0.10002
0.10002
0.10002
0.10002
0.10002
0.100019
0.100019
0.100019
0.100019
0.100019
0.100019
0.100019
0.100019
0.100019
0.100019
0.100019
0.100019
0.100019
0.100019
0.100019
0.100019
0.100019
0.100019
0.100019
0.100019
0.100019
0.100019
0.100019
0.100019
0.100019
0.100019
0.100019
0.100019
0.100019
0.100018
0.100018
0.100018
0.100018
0.100018
0.100018
0.100018
0.100018
0.100018
0.100018
0.100018
0.100018
0.100018
0.100018
0.100018
0.100018
0.100018
0.100018
0.100018
0.100018
0.100018
0.100018
0.100018
0.100018
0.100018
0.100018
0.100018
0.100018
0.100018
0.100018
0.100018
0.100018
0.100018
0.100017
0.100017
0.100017
0.100017
0.100017
0.100017
0.100017
0.100017
0.100017
0.100017
0.100017
0.100017
0.100017
0.100017
0.100017
0.100017
0.100017
0.100017
0.100017
0.100017
0.100017
0.100017
0.100017
0.100017
0.100017
0.100017
0.100016
0.100016
0.100016
0.100016
0.100016
0.100016
0.100016
0.100016
0.100016
0.100016
0.100016
0.100016
0.100016
0.100016
0.100016
0.100016
0.100016
0.100016
0.100016
0.100016
