   0.00000    0.00000   75.92667
   0.00000    0.00000   75.88667
   0.00000    0.00000   75.92712
   0.00000    0.00000   76.08167
   0.00000    0.00000   75.76667
   0.00000    0.00000   75.43000
   0.00000    0.00000   75.33000
   0.00000    2.62710   75.09153
   0.00000   77.38330   75.62333
   0.00000  108.39660   77.12586
   0.00000  285.53330   78.89167
   0.00000  194.83330   80.90833
   0.00000  472.86670   81.97667
   0.00000  815.27120   84.07288
   0.00000  519.65000   84.52833
   0.00000  587.51670   83.89833
   0.00000  355.25860   84.58276
   0.00000  483.25420   84.78983
   0.00000  257.06670   84.17667
   0.00000  182.08470   84.12542
   0.00000   84.47460   83.45932
   0.00000   14.08620   82.52414
   0.00000    0.00000   81.31667
   0.00000    0.00000   80.48833
   0.00000    0.00000   79.86667
   0.00000    0.00000   79.27333
   0.00000    0.00000   78.84576
   0.00000    0.00000   78.46780
   0.00000    0.00000   78.03220
   0.00000    0.00000   78.16000
   0.00000    0.00000   77.95333
   0.00000    7.45610   77.53684
   0.00000   51.80000   77.48833
   0.00000  132.07020   77.90877
   0.00000  275.51720   79.57414
   0.00000  629.98330   83.33000
   0.00000  547.63330   86.62500
   0.00000  610.63330   88.09000
   0.00000  535.61670   90.10333
   0.00000  732.15000   91.34333
   0.00000  679.25420   92.02542
   0.00000  595.16670   92.37500
   0.00000  467.01690   92.41186
   0.00000  289.27120   91.99831
   0.00000  133.87720   92.19474
   0.00000   63.64410   88.56780
   0.01517    0.00000   74.91207
   0.00000    0.00000   74.86610
   0.00000    0.00000   75.48136
   0.00000    0.00000   75.32833
   0.00000    0.00000   74.98000
   0.00000    0.00000   74.58333
   0.00000    0.00000   74.81379
   0.00000    0.00000   75.01833
   0.00000    0.00000   74.99333
   0.00000    2.23730   75.04576
   0.00000   57.56670   74.98500
   0.00000  205.15000   77.09667
   0.00000  364.63330   80.34500
   0.00000  365.00000   81.65932
   0.00000  495.89830   82.46102
   0.00000  533.58330   83.82167
   0.00000  719.03330   85.24000
   0.00000  709.58330   86.81500
   0.00000  339.66670   85.32000
   0.00000  110.72880   82.43390
   0.00000  378.25000   82.25333
   0.00000  244.33330   83.89000
   0.00000   37.13560   82.90000
   0.00000    6.77970   81.10339
   0.00000    0.00000   79.53390
   0.00000    0.00000   78.53500
   0.00000    0.00000   77.57931
   0.00000    0.00000   76.73103
   0.00000    0.00000   75.69000
   0.00000    0.00000   75.14000
   0.00000    0.00000   74.84746
   0.00000    0.00000   74.33500
   0.00000    0.00000   73.97797
   0.00000    3.11670   73.47333
   0.00000   67.58330   73.73833
   0.00000  208.30510   75.92203
   0.00000  369.98330   79.05500
   0.00000  610.80000   81.93333
   0.00000  746.00000   83.97797
   0.00000  764.64410   85.86441
   0.00000  846.77590   87.38276
   0.00000  664.58330   88.26333
   0.00000  607.55000   89.22833
   0.00000  540.71670   89.05333
   0.00000  464.53330   88.22500
   0.00000  275.78330   86.59833
   0.00000   34.63160   83.47193
   0.00000    9.80000   82.58500
   0.00000    0.00000   82.00500
   0.00000    0.00000   81.51833
   0.00000    0.00000   80.97500
   0.00000    0.00000   79.70333
   0.00000    0.00000   78.77544
   0.00000    0.00000   77.56333
   0.00000    0.00000   76.43167
   0.00000    0.00000   75.58333
   0.00000    0.00000   74.92542
   0.00000    2.66670   74.40167
   0.00000   69.89830   75.09661
   0.00000  208.83050   77.68983
   0.00000  342.76270   80.33729
   0.00000  598.86670   82.54000
   0.00000  536.58330   84.27000
   0.00000  264.11670   84.69667
   0.03267  214.61670   82.26500
   0.22864  475.06780   79.88983
   0.00000  796.30000   84.27833
   0.00000  579.55930   85.85254
   0.00000  348.48330   84.23333
   0.00000  189.16950   83.20339
   0.00000   50.76270   82.16441
   0.00000   20.85000   80.75167
   0.00000    0.00000   80.38070
   0.00000    0.00000   79.82833
   0.00000    0.00000   78.98793
   0.00000    0.00000   77.69322
   0.00000    0.00000   76.57667
   0.00000    0.00000   76.58667
   0.00000    0.00000   75.18448
   0.00000    0.00000   74.34407
   0.00000    0.00000   73.62667
   0.00000    4.41380   73.18966
   0.00000   73.18330   74.35333
   0.00000  223.01670   78.01833
   0.00000  386.34480   81.01034
   0.00000  678.36210   85.06034
   0.00000  555.33330   85.18000
   0.19150   33.01670   78.40667
   0.07500   82.95000   74.42000
   0.03050  450.45000   75.91667
   0.00000  634.60000   79.47833
   0.00000  632.63790   83.64828
   0.00000  477.91670   86.35833
   0.40050  247.96670   83.69000
   0.06150   55.10000   75.31333
   0.00000   13.38330   75.90000
   0.00000    0.00000   76.04000
   0.00000    0.00000   75.82167
   0.00000    0.00000   75.32759
   0.00000    0.00000   75.32333
   0.00000    0.00000   75.30500
   0.00000    0.00000   75.36500
   0.00000    0.00000   75.10000
   0.00000    0.00000   74.94576
   0.00000    0.00000   74.35667
   0.00000    1.63330   74.03333
   0.00000   68.13330   74.65500
   0.00000  209.76270   77.46949
   0.00000  373.01670   79.87500
   0.00000  468.72880   81.52373
   0.00000  688.30000   82.69833
   0.00000  684.80000   83.60000
   0.00000  454.94920   84.17458
   0.00000  343.12070   83.73448
   0.00000  469.98310   81.65593
   0.00000  396.03450   82.19310
   0.00000  448.20000   83.73500
   0.00000  158.62070   83.99310
   0.00000   42.35590   82.51356
   0.00000    9.63330   81.12667
   0.00000    0.00000   79.72833
   0.00000    0.00000   78.47500
   0.00000    0.00000   77.15763
   0.00000    0.00000   76.84068
   0.00000    0.00000   76.64000
   0.00000    0.00000   76.21000
   0.00000    0.00000   75.86500
   0.00000    0.00000   75.03500
   0.00000    0.00000   74.64333
   0.00000    1.94920   74.08814
   0.00000   54.73330   73.56500
   0.00000  208.33330   75.64667
   0.00000  396.65000   80.15833
   0.00000  478.57630   82.98475
   0.00000  557.89830   84.40169
   0.00000  729.81670   86.54667
   0.00000  687.42370   87.81864
   0.00000  799.20340   87.90508
   0.00000  254.33330   85.78167
   0.00000  450.40000   85.58500
   0.00000  367.16670   87.09167
   0.00000  113.81670   85.08000
   0.00000   44.48330   83.10833
   0.00000    9.40680   81.29661
   0.00000    0.00000   80.38333
   0.00000    0.00000   79.99828
   0.00000    0.00000   79.21833
   0.00000    0.00000   78.29474
   0.00000    0.00000   77.77500
   0.00000    0.00000   77.61167
   0.00000    0.00000   77.07000
   0.00000    0.00000   76.38833
   0.00000    0.00000   76.10169
   0.00000    2.28330   75.99000
   0.00000   66.61670   76.27500
   0.00000  206.91530   79.13051
   0.00000  382.05000   82.07333
   0.00000  596.15000   85.43167
   0.00000  691.50880   88.49123
   0.00000  630.26670   88.86833
   0.00000  772.66670   90.92167
   0.00000  778.91670   91.42333
   0.00000  787.66670   92.81667
   0.00000  643.18640   92.58814
   0.00000  478.05000   92.29833
   0.00000  282.06900   91.72931
   0.00000  104.13790   90.94310
   0.00000    8.40000   90.10167
   0.00000    0.00000   85.29153
   0.00000    0.00000   81.86610
   0.00000    0.00000   80.20167
   0.00000    0.00000   79.00000
   0.00000    0.00000   77.76500
   0.00000    0.00000   76.89333
   0.00000    0.00000   76.87241
   0.00000    0.00000   76.89833
   0.00000    0.00000   76.65333
   0.00000    2.27120   76.66780
   0.00000   70.15250   77.37119
   0.00000  217.38330   80.45000
   0.00000  393.10000   85.02167
   0.00000  608.62070   88.74655
   0.00000  592.25000   91.06833
   0.00000  639.72880   91.48983
   0.00000  813.10000   93.10167
   0.00000  848.48330   93.26833
   0.00000  765.95000   93.76667
   0.00000  619.06780   94.72712
   0.00000  479.00000   94.82712
   0.00000  300.17240   93.96034
   0.00000  107.98330   92.84500
   0.00000   10.41670   91.14000
   0.00000    0.00000   86.54068
   0.00000    0.00000   83.75167
   0.00000    0.00000   82.30339
   0.00000    0.00000   80.74912
   0.00000    0.00000   80.00345
   0.00000    0.00000   78.78136
   0.00000    0.00000   77.95167
   0.00000    0.00000   77.13448
   0.00000    0.00000   75.64310
   0.00000    1.80000   74.84333
   0.00000   64.71670   76.50667
   0.00000  198.08330   81.47167
   0.00000  382.64410   85.51864
   0.00000  598.62710   88.38475
   0.00000  721.76270   90.12203
   0.00000  832.64410   92.28136
   0.00000  775.18330   93.10333
   0.00000  849.43330   93.24667
   0.00000  657.55930   93.89492
   0.00000  557.10000   93.15333
   0.00000   91.15250   87.55932
   0.00000   54.77970   79.21864
   0.00000   55.66670   82.34667
   0.00000   11.45610   83.73509
   0.00000    0.00000   82.77500
   0.00000    0.00000   82.21000
   0.00000    0.00000   81.33051
   0.00000    0.00000   80.37667
   0.00000    0.00000   79.67458
   0.00000    0.00000   78.92667
   0.00000    0.00000   78.36500
   0.00000    0.00000   78.40000
   0.00000    0.00000   77.70517
   0.00000    1.35000   77.08333
   0.00000   51.03330   77.40667
   0.00000  200.83330   82.02833
   0.00000  381.25000   84.90167
   0.00000  570.98310   86.53390
   0.00000  544.18330   87.83167
   0.00000  768.43330   88.96833
   0.00000  758.48330   92.22000
   0.00000  814.40000   93.38833
   0.00000  771.33900   95.05085
   0.00000  485.25860   92.90690
   0.00000  273.01690   88.77458
   0.00000  199.69490   87.91186
   0.00000   75.06670   87.47833
   0.00000   13.30000   86.83333
   0.00000    0.00000   85.35763
   0.00000    0.00000   83.95167
   0.00000    0.00000   82.88833
   0.00000    0.00000   82.06167
   0.00000    0.00000   81.16333
   0.00000    0.00000   79.95333
   0.00000    0.00000   79.54310
   0.00000    0.00000   79.54000
   0.00000    0.00000   78.99831
   0.00000    2.54240   78.45424
   0.00000   79.43330   78.26833
   0.00000  219.66670   82.17000
   0.00000  392.81670   85.23667
   0.00000  427.05170   86.78621
   0.00000  619.75000   90.01000
   0.00000  350.45000   91.04000
   0.00000  631.11860   92.65593
   0.83152  138.59320   87.70339
   0.48169   44.03390   76.48305
   0.00000   72.15250   77.19322
   0.00000   95.98330   78.45167
   0.00000   78.73330   78.39667
   0.00000   39.50000   79.10667
   0.00000    6.54390   78.80000
   0.00000    0.00000   78.35254
   0.00000    0.00000   77.57759
   0.00000    0.00000   77.53898
   0.00000    0.00000   77.35333
   0.00000    0.00000   77.15833
   0.00000    0.00000   76.91017
   0.00000    0.00000   76.30333
   0.00000    0.00000   75.98000
   0.00000    0.00000   75.76833
   0.00000    2.73330   75.57000
   0.00000   44.41670   75.83500
   0.00000  109.74580   77.24746
   0.00000  203.53330   79.66333
   0.00000  418.96670   84.44167
   0.00000  591.62710   86.24407
   0.00000  754.28330   88.73833
   0.00000  612.46670   90.65833
   0.00000  582.43330   86.41167
   0.00000  718.82460   89.55439
   0.00000  626.56670   89.36667
   0.00000  296.74140   88.78276
   0.00000  181.57410   86.62037
   0.00000   50.88140   84.55424
   0.00000    2.83330   83.22833
   0.00000    0.00000   82.04237
   0.00000    0.00000   80.81500
   0.00000    0.00000   80.63833
   0.00000    0.00000   79.59661
   0.00000    0.00000   78.56667
   0.00000    0.00000   78.23729
   0.00000    0.00000   77.44000
   0.00000    0.00000   77.19667
   0.00000    0.00000   76.77627
   0.00000    2.23330   76.75167
   0.00000   49.54240   77.38983
   0.00000   76.48330   79.08500
   0.00000  267.58330   80.37167
   0.00000  397.13330   83.84500
   0.00000  453.50000   86.04333
   0.73593   78.85190   79.72222
   0.05277   72.23400   74.90000
   0.04278  189.20370   76.32778
   0.00000  590.61020   79.84068
   0.00000  441.75000   84.61167
   0.00000  166.55000   85.50167
   0.00000  128.80000   84.16000
   0.00000   55.31670   82.62000
   0.00000   10.33900   79.81864
   0.00000    0.00000   79.30000
   0.00000    0.00000   78.81695
   0.00000    0.00000   78.47333
   0.00000    0.00000   77.95690
   0.00000    0.00000   77.83167
   0.00000    0.00000   77.99167
   0.00000    0.00000   77.74167
   0.00000    0.00000   77.07931
   0.00000    0.00000   76.38167
   0.00000    0.75000   75.97333
   0.00000   33.79660   75.95254
   0.00000   94.36670   76.75500
   0.00000  388.76670   80.58500
   0.00000  565.50850   85.17119
   0.00000  670.16950   87.07458
   0.00000  733.08330   88.46667
   0.00000  865.20000   90.17667
   0.00000  332.86440   90.69153
   0.01525  126.25420   81.76610
   0.00458  319.86440   77.61017
   0.00000  453.41380   81.46897
   0.00000  192.18330   83.51667
   0.00000   85.43330   82.44000
   0.00000   14.64410   82.22881
   0.00000    0.00000   80.90339
   0.00000    0.00000   80.09492
   0.00000    0.00000   79.16333
   0.00000    0.00000   78.36167
   0.00000    0.00000   77.70167
   0.00000    0.00000   77.15763
   0.00000    0.00000   76.63833
   0.00000    0.00000   76.12000
   0.00000    0.00000   75.79000
   0.00000    1.11860   75.58475
   0.00000   58.13330   76.35167
   0.00000  209.72880   79.77797
   0.00000  392.81670   83.88333
   0.00000  471.33900   86.49661
   0.00000  594.15000   85.03833
   0.00000  802.33900   85.30847
   0.00000  758.13790   87.37241
   0.00000  471.90000   87.86000
   0.02661  242.49150   84.45424
   0.00000  648.79660   83.70339
   0.00000  346.65000   85.78333
   0.00000  245.42370   84.56610
   0.00000   79.43100   82.64310
   0.00000   14.58620   80.44655
   0.00000    0.00000   80.03559
   0.00000    0.00000   78.97167
   0.00000    0.00000   78.25763
   0.00000    0.00000   77.87000
   0.00000    0.00000   77.27667
   0.00000    0.00000   76.63559
   0.00000    0.00000   76.25085
   0.00000    0.00000   76.09000
   0.00000    0.00000   76.11500
   0.00000    0.16950   76.06102
   0.00000   45.94440   76.27963
   0.03583  182.65000   77.95833
   0.01390  142.81360   78.06949
   0.00000   91.40000   77.22333
   0.00000  145.76670   77.44167
   0.00000  410.93220   78.86271
   0.00000  563.18330   81.30000
   0.00000  740.05360   84.01250
   0.00000  730.51670   86.13333
   0.00000  270.25000   86.75500
   0.00000   87.13560   83.69492
   0.00000   41.72880   82.45932
   0.00000   15.17540   81.55088
   0.00000    1.76670   80.84500
   0.00000    0.00000   78.91525
   0.00000    0.00000   77.90667
   0.01390    0.00000   77.71525
   0.02500    0.00000   77.10167
   0.00814    0.00000   76.41864
   0.00333    0.00000   76.56500
   0.00000    0.00000   76.66333
   0.00000    0.00000   76.71552
   0.00000    0.00000   76.48983
   0.00000    1.03330   76.17500
   0.00000   31.93330   76.28667
   0.00000  186.25420   77.31864
   0.00000  252.43100   80.31207
   0.00000  422.43330   81.92333
   0.00000  738.20340   85.61186
   0.00000  729.35590   85.36271
   0.00000  476.58330   85.64333
   0.00000  261.75860   79.44310
   0.00000  274.52540   79.84576
   0.00000  407.16670   81.51833
   0.00000  505.06670   83.49833
   0.00000  255.33900   84.48136
   0.00000  108.49150   83.82881
   0.00000   15.63330   83.14833
   0.00000    0.00000   81.63966
   0.00000    0.00000   80.23051
   0.00000    0.00000   79.58793
   0.00000    0.00000   79.08500
   0.00000    0.00000   78.29000
   0.00000    0.00000   77.65833
   0.00000    0.00000   77.39833
   0.00000    0.00000   77.06667
   0.00000    0.00000   76.54000
   0.00000    1.35590   75.96102
   0.00000   55.26670   75.88667
   0.00000  195.15250   78.24068
   0.00000  360.96670   83.21667
   0.00000  478.51720   86.83966
   0.00000  519.77590   88.66379
   0.00000  287.87930   88.93621
   1.05883   11.81670   82.19833
   0.16133   11.10000   73.50833
   0.00000   60.59320   73.26271
   0.00000  284.84750   74.16271
   0.00000  356.58330   77.03167
   0.00000  245.43100   79.23276
   0.00000  104.55000   80.46333
   0.00000   16.78330   81.01833
   0.00000    0.00000   80.02456
   0.00000    0.00000   79.27500
   0.03836    0.00000   79.62545
   0.24724    0.00000   73.54483
   0.00000    0.00000   73.83833
   0.00000    0.00000   74.66167
   0.00000    0.00000   75.31500
   0.00000    0.00000   79.01186
   0.00000    0.00000   80.81667
   0.00000    2.16950   81.01356
   0.00000   51.28810   81.37627
   0.00000  171.75000   83.08833
   0.00000  359.31670   85.34667
   0.00000  374.83050   87.04237
   0.00000  552.89660   88.33621
   0.00000  760.37290   90.49831
   0.00000  823.50000   92.09500
   0.00000  788.70000   93.39667
   0.00000  564.65000   94.06833
   0.15250  131.31670   92.35833
   0.17051   50.83050   83.97119
   0.00000   47.56670   80.63333
   0.00000  100.45760   80.68305
   0.00000   17.45000   80.74167
   0.00000    0.00000   79.39833
   0.00000    0.00000   79.27167
   0.00000    0.00000   78.19167
   0.00000    0.00000   76.54833
   0.00000    0.00000   76.22500
   0.00000    0.00000   75.74833
   0.00000    0.00000   75.33333
   0.00000    0.00000   75.28475
   0.00000    0.00000   75.37667
   0.00000    0.45000   74.83667
   0.00000   51.88140   75.26441
   0.00000  191.88330   78.59167
   0.00000  387.44070   82.14237
   0.00000  579.50000   84.36000
   0.00000  671.71190   87.19322
   0.00000  799.15250   89.85424
   0.00000  766.79660   91.54407
   0.00000  850.25860   92.23448
   0.00000  639.53330   91.51500
   0.00000  524.26670   90.11000
   0.00000  452.98310   89.87797
   0.00000  299.50000   89.25517
   0.00000  102.06780   87.69322
   0.00000   12.13330   85.83500
   0.00000    0.00000   80.04167
   0.00000    0.00000   78.30000
   0.00000    0.00000   77.00169
   0.00000    0.00000   77.16167
   0.00000    0.00000   76.69167
   0.00000    0.00000   76.13667
   0.00000    0.00000   75.57000
   0.00000    0.00000   74.49167
   0.00000    0.00000   73.63390
   0.00000    0.61020   73.28305
   0.00000   49.83330   73.58000
   0.00000  186.41670   76.79167
   0.00000  391.25000   80.30667
   0.00000  570.89830   82.42373
   0.00000  706.80000   86.86333
   0.00000  611.52730   88.24000
   0.00000  518.68330   89.10833
   0.00000  646.61020   90.61695
   0.00000  371.07020   91.82281
   0.08717   77.28330   85.58667
   0.44083  264.16670   75.30833
   0.00000  201.18330   78.62333
   0.00000   64.12070   78.47931
   0.00000    4.15520   78.40862
   0.00000    0.00000   77.40169
   0.00000    0.00000   76.46552
   0.00000    0.00000   76.40667
   0.00000    0.00000   76.45000
   0.00000    0.00000   75.67119
   0.00000    0.00000   75.10167
   0.00000    0.00000   74.56610
   0.00000    0.00000   74.35593
   0.00000    0.00000   74.23333
   0.00000    0.58620   74.06379
   0.00000   51.60000   74.61500
   0.00000  191.78330   78.48333
   0.00000  398.16670   83.66500
   0.00000  590.37290   84.80339
   0.00000  730.56670   86.97333
   0.00000  816.76270   87.80508
   0.00000  728.36670   89.61500
   0.00000  699.62710   90.55763
   0.00000  691.85000   91.90833
   0.00000  363.94740   90.03158
   0.00000   99.31670   85.22667
   0.00000   92.66670   83.48000
   0.00000   90.62710   83.02881
   0.00000    6.30000   83.00500
   0.00000    0.00000   82.15085
   0.00000    0.00000   81.36000
   0.00000    0.00000   81.43621
   0.00000    0.00000   81.27000
   0.00000    0.00000   80.41167
   0.00000    0.00000   79.86833
   0.00000    0.00000   78.53333
   0.00000    0.00000   78.21186
   0.00000    0.00000   78.14746
   0.00000    0.00000   77.67500
   0.00000   33.05000   77.35167
   0.00000  194.41670   80.28000
   0.00000  419.85000   84.35667
   0.00000  523.33900   87.83390
   0.00000  683.86670   88.75167
   0.00000  764.60000   90.25500
   0.00000  665.60000   91.71833
   0.00000  411.61020   90.50847
   0.00000  567.92980   87.32456
   0.00000  630.43330   88.74333
   0.00000  480.62710   88.46610
   0.00000  240.45000   88.03167
   0.00000   55.71190   86.62373
   0.00000    2.11670   83.18333
   0.00000    0.00000   82.50862
   0.00000    0.00000   82.05862
   0.00000    0.00000   81.54167
   0.00000    0.00000   80.10508
   0.00000    0.00000   78.78667
   0.00000    0.00000   78.18475
   0.00000    0.00000   77.53833
   0.00000    0.00000   77.46833
   0.00000    0.00000   77.73500
   0.00000    0.08330   77.62667
   0.00000   47.31670   78.01833
   0.00000  188.43100   80.80345
   0.00000  398.25000   84.27167
   0.00000  627.51670   86.43333
   0.00000  531.38980   88.36780
   0.00000  608.67240   88.11897
   0.00000   61.17240   79.66724
   0.00000  115.63330   79.78167
   0.00000  302.08330   81.22833
   0.00000  230.43330   83.68000
   0.08733   90.93330   83.83167
   0.00733   85.23330   77.38000
   0.00000   47.85000   78.70833
   0.00000    5.30000   79.31000
   0.00000    0.00000   78.24667
   0.00000    0.00000   78.00678
   0.00000    0.00000   77.28000
   0.00000    0.00000   77.17667
   0.00000    0.00000   76.63559
   0.00000    0.00000   75.90877
   0.00000    0.00000   75.92203
   0.00000    0.00000   75.74746
   0.00000    0.00000   75.62667
   0.00000    0.49150   75.30508
   0.00000   46.58330   75.73167
   0.00000  208.81360   79.19153
   0.00000  321.60000   83.41167
   0.00000  492.28810   85.69322
   0.00000  596.10000   88.94500
   0.00000  735.25000   90.41167
   0.00000  875.88330   91.96000
   0.00000  630.79660   86.84068
   0.00000  733.56670   86.03167
   0.00000  603.35590   87.76271
   0.00000  450.62710   89.05932
   0.00000  171.83050   88.59661
   0.00000   18.05000   86.76667
   0.00000    4.30000   82.62667
   0.00000    0.00000   81.32000
   0.00000    0.00000   80.76500
   0.00000    0.00000   80.40172
   0.00000    0.00000   80.19667
   0.00000    0.00000   79.26167
   0.00000    0.00000   78.47797
   0.00000    0.00000   77.73000
   0.00000    0.00000   77.08475
   0.00000    0.00000   76.67759
   0.00000    0.75000   76.38000
   0.00000   50.33330   76.78167
   0.00000  183.66670   79.17833
   0.00000  386.98330   83.97833
   0.00000  491.47460   86.36441
   0.00000  614.76270   87.60678
   0.00000  745.32200   89.17797
   0.00000  869.93220   91.81356
   0.00000  890.70000   92.48167
   0.00000  579.03450   89.91552
   0.00000  305.91530   86.11017
   0.00000  192.48280   83.95345
   0.00000   57.80000   82.95500
   0.00000   19.62070   80.61724
   0.00000    3.55000   79.83333
   0.00000    0.00000   77.93833
   0.00000    0.00000   77.72241
   0.00000    0.00000   78.01525
   0.00000    0.00000   77.22373
   0.00000    0.00000   76.51228
   0.00000    0.00000   76.13276
   0.00000    0.00000   75.47255
   0.00000    0.00000   75.16786
   0.00000    0.00000   75.19831
   0.00000    0.17240   74.77241
   0.00000   25.78330   75.21667
   0.00000  150.85960   76.83860
   0.00000  311.16670   80.59500
   0.00000  469.95000   84.49833
   0.00000  149.79660   83.77119
   0.00000  357.23330   82.53167
   0.00000  439.35000   85.03667
   0.00000  524.63330   85.33167
   0.00000  216.40680   86.38644
   0.00000  352.81670   83.28500
   0.00000  376.31670   85.14167
   0.00000  191.73330   85.08833
   0.00000  114.69490   85.57119
   0.24933    9.90000   83.83667
   0.51717    0.00000   76.91167
   0.00000    0.00000   77.00364
   0.00000    0.00000   77.51186
   0.00000    0.00000   78.12833
   0.00000    0.00000   78.03667
   0.00000    0.00000   77.69322
   0.00000    0.00000   77.42833
   0.00000    0.00000   77.29153
   0.00000    0.00000   77.00678
   0.00000    0.00000   76.90508
   0.29424    5.42370   75.75424
   0.00200   45.46670   76.01167
   0.00000   46.05080   75.44407
   0.00000   77.37290   75.43729
   0.00000  113.71190   75.32203
   0.00000  305.01690   75.23051
   0.00000  369.80000   78.05500
   0.00000  493.30000   80.11000
   0.00000  581.96670   81.94333
   0.00000  437.08470   82.80678
   0.00000  242.91380   82.73276
   0.14407   55.33900   79.12034
   0.02567   15.43330   77.38500
   0.00000    4.39660   77.40172
   0.00000    0.00000   77.06949
   0.83067    0.00000   72.64833
   0.00000    0.00000   72.72444
