   6.11396609573011e-18
   2.27225137116865e-04
   4.55556225629311e-04
   6.86120918449779e-04
   9.20091190168866e-04
   1.15870782394631e-03
   1.40330797854519e-03
   1.65535729668773e-03
   1.91648623248626e-03
   2.18854297502350e-03
   2.47363110720970e-03
   2.77423222264989e-03
   3.09318977234079e-03
   3.43405458538386e-03
   3.80082659064434e-03
   4.19893665481223e-03
   4.63423168211290e-03
   5.11563254729692e-03
   5.65206482357937e-03
   6.25938513908968e-03
   6.95201243525950e-03
   7.76085944146400e-03
   8.71120904285148e-03
   9.87088319982101e-03
   1.12902916060736e-02
   1.31457893090659e-02
   1.55625500281196e-02
   1.91521328362121e-02
   2.43953702327764e-02
   3.54619926437517e-02
   6.17031314830506e-02
   6.56715896757769e-02
   1.45742220149867e-16
  -6.56715896757767e-02
  -6.17031314830505e-02
  -3.54619926437517e-02
  -2.43953702327764e-02
  -1.91521328362120e-02
  -1.55625500281195e-02
  -1.31457893090659e-02
  -1.12902916060735e-02
  -9.87088319982098e-03
  -8.71120904285144e-03
  -7.76085944146397e-03
  -6.95201243525947e-03
  -6.25938513908964e-03
  -5.65206482357934e-03
  -5.11563254729690e-03
  -4.63423168211287e-03
  -4.19893665481220e-03
  -3.80082659064431e-03
  -3.43405458538384e-03
  -3.09318977234077e-03
  -2.77423222264987e-03
  -2.47363110720968e-03
  -2.18854297502348e-03
  -1.91648623248624e-03
  -1.65535729668772e-03
  -1.40330797854517e-03
  -1.15870782394629e-03
  -9.20091190168852e-04
  -6.86120918449766e-04
  -4.55556225629298e-04
  -2.27225137116853e-04
