   6.50248629715199e-18
   2.25062963542417e-04
   3.87983955305813e-04
   5.41682541433008e-04
   7.25842707768682e-04
   9.02148932516314e-04
   1.09209741029553e-03
   1.27878074767545e-03
   1.49174594268565e-03
   1.67666048743500e-03
   1.93434645098086e-03
   2.10701498110900e-03
   2.43324702485810e-03
   2.58628630717729e-03
   3.00762624828002e-03
   3.13800525169014e-03
   3.68590344752004e-03
   3.79752335791503e-03
   4.51207379280648e-03
   4.62174172544955e-03
   5.55821548200900e-03
   5.70997048560897e-03
   6.95139244085436e-03
   7.25385320005866e-03
   8.93912401417377e-03
   9.67790013661708e-03
   1.20797263749307e-02
   1.41437077431776e-02
   1.79737817284650e-02
   2.53196598060781e-02
   3.41851074325106e-02
   1.02095823885995e-01
   2.71386042873618e-16
  -1.02095823885995e-01
  -3.41851074325105e-02
  -2.53196598060778e-02
  -1.79737817284648e-02
  -1.41437077431774e-02
  -1.20797263749306e-02
  -9.67790013661692e-03
  -8.93912401417364e-03
  -7.25385320005853e-03
  -6.95139244085426e-03
  -5.70997048560889e-03
  -5.55821548200893e-03
  -4.62174172544950e-03
  -4.51207379280645e-03
  -3.79752335791500e-03
  -3.68590344752004e-03
  -3.13800525169015e-03
  -3.00762624828005e-03
  -2.58628630717733e-03
  -2.43324702485814e-03
  -2.10701498110903e-03
  -1.93434645098085e-03
  -1.67666048743495e-03
  -1.49174594268555e-03
  -1.27878074767530e-03
  -1.09209741029530e-03
  -9.02148932516051e-04
  -7.25842707768511e-04
  -5.41682541432987e-04
  -3.87983955305853e-04
  -2.25062963542428e-04
