-3
-4
-1.4392
-3.74
-2.32693
3.86696
-2.34494
5.16183
-2.34601
5.50314
-2.34333
5.49107
-2.22314
4.93788
-2.01503
3.9843
-2.02169
4.0452
-1.86276
3.4437
-1.83137
3.32428
-1.78862
3.17
-1.74996
3.03343
-1.71129
2.90024
-1.67281
2.77079
-1.63413
2.64375
-1.59512
2.51871
-1.55566
2.39536
-1.51567
2.27349
-1.47508
2.15309
-1.43382
2.03399
-1.39189
1.91658
-1.34914
1.79998
-1.30573
1.68676
-1.25875
1.5629
-1.19734
1.41999
-1.1379
1.27095
-1.09427
1.17189
-1.06069
1.09982
-0.736316
0.430536
-0.873493
0.78378
-0.781704
0.608361
-0.713681
0.487023
-0.582493
0.274934
-0.620675
0.354242
-0.582727
0.324256
-0.395998
0.12631
-0.26048
0.0155806
-0.196255
0.0284086
-0.00597303
-0.0521378
-0.0380271
-0.00455977
0.0543061
-0.00558652
0.0895987
-0.00418576
0.115146
-7.21004e-05
0.138525
0.00559438
0.362548
0.073825
0.257152
0.0683166
0.314801
0.095815
0.35909
0.119633
0.375509
0.129949
0.522283
0.233722
0.455693
0.197019
0.487169
0.228429
0.651233
0.392046
0.596225
0.354174
0.643281
0.410483
0.665802
0.438466
0.681873
0.459512
0.696487
0.479404
0.834281
0.672675
0.774404
0.598301
0.806949
0.648759
0.819974
0.669424
0.928941
0.847401
0.878116
0.770021
0.901702
0.811439
0.974278
0.941257
0.947918
0.897523
0.962542
0.925632
0.993081
0.984766
0.994886
0.989589
0.999394
0.998756
0.999971
0.99994
0.999999
0.999999
1
1
1
1
