-3
-4
-2.99846
8.99077
-2.5988
6.59406
-2.48957
6.18603
-2.38653
5.67414
-2.32228
5.36965
-2.26369
5.09983
-2.20827
4.85138
-2.15493
4.61831
-2.10306
4.3973
-2.05229
4.18631
-2.00239
3.98404
-1.95319
3.78957
-1.90459
3.60226
-1.85651
3.42164
-1.8089
3.24736
-1.76172
3.07913
-1.71493
2.91673
-1.66852
2.75999
-1.62248
2.60875
-1.5768
2.46288
-1.53146
2.32225
-1.48647
2.18676
-1.44182
2.05629
-1.39751
1.93077
-1.35354
1.81009
-1.3099
1.69417
-1.26661
1.58291
-1.22365
1.47623
-1.18103
1.37404
-1.13876
1.27627
-1.09683
1.18283
-1.05525
1.09362
-1.01401
1.00859
-0.973121
0.927628
-0.932584
0.850667
-0.892401
0.777622
-0.852572
0.708412
-0.813101
0.642955
-0.77399
0.58117
-0.735241
0.522976
-0.696855
0.468291
-0.658837
0.417036
-0.621187
0.369129
-0.583909
0.32449
-0.547005
0.283039
-0.510477
0.244694
-0.474328
0.209377
-0.43856
0.177007
-0.403177
0.147504
-0.36818
0.120789
-0.333573
0.0967828
-0.299359
0.0754054
-0.265539
0.056578
-0.232117
0.0402218
-0.199096
0.026258
-0.166479
0.0146082
-0.134268
0.00519409
-0.102467
-0.00206223
-0.0710791
-0.00723859
-0.0401067
-0.0104125
-0.00955315
-0.0116612
0.0205783
-0.0110617
0.0502846
-0.00869053
0.0795623
-0.00462419
0.108408
0.00106135
0.136819
0.00829041
0.164792
0.0169877
0.192322
0.0270782
0.219408
0.0384875
0.246045
0.0511415
0.27223
0.0649666
0.29796
0.0798896
0.32323
0.095838
0.348039
0.11274
0.372381
0.130523
0.396254
0.149117
0.419655
0.168452
0.442579
0.188459
0.465024
0.209068
0.486986
0.230211
0.508462
0.251823
0.529448
0.273836
0.549943
0.296185
0.569941
0.318806
0.589442
0.341637
0.608441
0.364616
0.626937
0.387682
0.644927
0.410776
0.819747
0.641424
0.845091
0.713536
0.858818
0.736802
0.87106
0.757906
0.981459
0.951074
0.986853
0.973849
0.999924
0.999677
0.999997
0.999995
1
1
