-3
-4
-1.4392
-3.74
-1.10417
-3.62377
1.03902
-2.65518
-0.513243
-1.90823
-0.0643822
-1.4739
0.337546
1.48219
0.523611
1.20854
0.720263
1.02167
0.865707
0.92109
0.925412
0.886762
0.936805
0.880687
0.938087
0.88007
0.938234
0.880058
0.938621
0.88051
0.938556
0.88061
0.938742
0.881166
0.938838
0.88118
0.942181
0.885914
0.941622
0.886272
0.941596
0.886348
0.9437
0.891433
0.944139
0.89126
0.944198
0.891288
0.946941
0.895746
0.946687
0.895936
0.946694
0.896495
0.946901
0.896442
0.947282
0.896802
0.947182
0.89691
0.947313
0.897398
0.947417
0.897399
0.947711
0.897799
0.94768
0.897871
0.949528
0.902417
0.949938
0.902254
0.949989
0.902279
0.952383
0.906284
0.952193
0.906434
0.952245
0.906908
0.952393
0.906881
0.952691
0.907224
0.952635
0.907303
0.954122
0.911495
0.954651
0.911266
0.954706
0.911284
0.9569
0.91488
0.956688
0.915035
0.956723
0.91547
0.956867
0.91544
0.957135
0.91575
0.957084
0.915822
0.958465
0.919585
0.958904
0.919399
0.958949
0.919419
0.960868
0.922699
0.960728
0.922812
0.960801
0.923183
0.960896
0.923174
0.96111
0.92347
0.961087
0.923522
0.962506
0.926833
0.962741
0.92675
0.963024
0.92699
0.962934
0.927075
0.963032
0.927409
0.963098
0.927413
0.964946
0.930286
0.964694
0.930453
0.9647
0.930815
0.964836
0.930781
0.96505
0.931035
0.965009
0.931092
0.966194
0.934104
0.966483
0.93399
0.966512
0.93401
0.981352
0.960981
0.980576
0.961395
0.980562
0.961422
0.987926
0.97749
0.98854
0.977192
0.988555
0.977196
0.993386
0.98633
0.993206
0.986427
0.993217
0.98649
0.993234
0.986488
0.996101
0.991857
0.995965
0.991929
0.995975
0.991964
0.995982
0.991965
0.997625
0.995174
0.997597
0.99519
0.998497
0.997148
0.998561
0.997118
0.998623
0.99723
0.998619
0.997234
0.999169
0.998342
0.999172
0.998341
0.999502
0.999005
0.999503
0.999005
0.999701
0.999403
0.999702
0.999403
0.99982
0.999642
0.999821
0.999641
0.999892
0.999785
0.999893
0.999785
0.999934
0.999871
0.999936
0.999871
0.99996
0.999923
0.999961
0.999922
0.999963
0.999926
0.999963
0.999926
0.999977
0.999955
0.999978
0.999955
0.999986
0.999973
0.999987
0.999973
0.999987
0.999974
0.999987
0.999974
0.999992
0.999985
0.999992
0.999985
0.999993
0.999985
0.999993
0.999985
0.999996
0.999991
0.999996
0.999991
0.999997
0.999995
0.999997
0.999995
0.999997
0.999995
0.999997
0.999995
0.999998
0.999997
0.999998
0.999997
0.999999
0.999998
0.999999
0.999998
